30
[array([[-6.48047728e-03, -3.88656333e-02, -1.00478977e-02,
        -5.62086294e-04,  7.02352524e-02,  1.40743842e-02,
         3.52179073e-02, -8.54048952e-02, -6.49785474e-02,
         6.48305938e-02, -7.85387754e-02, -3.85125093e-02,
         5.27429283e-02,  6.12177840e-03, -7.30828429e-03,
         6.76080883e-02,  3.78447883e-02,  4.16497774e-02,
         5.95988892e-02, -5.57759218e-02,  1.96518414e-02,
         1.91742163e-02,  7.47663248e-03,  4.24859896e-02,
        -3.45972739e-02, -4.81809452e-02, -1.00557171e-01,
         2.99950093e-02,  6.48945943e-02,  1.21325711e-02,
        -3.38012986e-02,  7.06693381e-02, -1.29970210e-02,
         4.47289087e-03,  5.71209863e-02, -2.10992396e-02,
        -7.57205114e-02, -5.38195334e-02, -2.54399814e-02,
        -7.75455907e-02, -4.69177291e-02, -1.96293928e-02,
        -2.22272612e-03, -1.89068844e-03, -3.51879373e-02,
        -9.21299681e-02,  9.32846311e-03,  9.17144958e-03,
         6.23835623e-02, -4.87346807e-03,  1.93404611e-02,
         1.96079500e-02,  1.87762436e-02, -5.39246984e-02,
        -1.75688905e-03, -4.14352864e-02,  2.82805692e-02,
         5.39582074e-02,  1.92802753e-02, -5.36505925e-03,
        -1.32970884e-02, -3.66234593e-02,  3.68013196e-02,
         4.30573486e-02,  8.53572879e-03, -3.08396760e-02,
        -4.47498113e-02, -1.29683921e-03,  5.45632504e-02,
        -6.39490932e-02,  4.78340611e-02,  1.97404753e-02,
        -6.22190498e-02, -1.43104196e-02,  3.72366309e-02,
        -8.79478976e-02,  3.13640721e-02, -6.10368745e-03,
        -1.05649801e-02,  7.98617117e-03,  6.73167184e-02,
         7.31999874e-02,  4.69269864e-02, -1.18978024e-01,
         2.81221867e-02, -5.05358577e-02, -9.83292907e-02,
        -1.67344194e-02, -9.96772349e-02, -7.52697140e-02,
         3.18442844e-02,  2.37031411e-02, -1.53429974e-02,
         7.35479742e-02, -3.87995467e-02, -2.80104876e-02,
         8.47624335e-03,  1.40469344e-02, -9.92688932e-04,
        -1.03879094e-01],
       [ 3.26342918e-02, -7.74924308e-02, -8.56345296e-02,
        -2.11750846e-02,  1.12719469e-01,  2.78687500e-03,
        -1.98072783e-04,  1.00050140e-02, -2.29034089e-02,
         2.63722576e-02,  2.07469743e-02, -4.24445188e-03,
        -6.81799799e-02,  5.11205271e-02,  4.43891436e-02,
        -3.63344662e-02,  1.31029366e-02,  6.50716154e-03,
         2.61416938e-02, -1.57416593e-02,  2.16272753e-02,
         8.94175246e-02, -5.67357929e-04,  4.26292084e-02,
         1.99440029e-02,  3.18130068e-02, -5.84348552e-02,
        -1.66096535e-04,  6.05262779e-02,  4.28389534e-02,
         6.96699042e-03, -9.65474844e-02, -9.46204271e-03,
        -1.54164126e-02,  5.34597598e-02, -1.32554385e-03,
         8.02334324e-02, -7.55124614e-02,  6.54200558e-03,
         8.70660320e-03,  3.67816873e-02, -3.33329588e-02,
         8.55527297e-02,  1.27715068e-02, -2.49280798e-04,
         8.87297734e-04, -5.25709763e-02,  9.19263139e-02,
        -1.23377956e-01,  4.88548018e-02, -7.11234957e-02,
         7.43776113e-02, -1.20180443e-01, -2.71719065e-03,
        -4.94541489e-02,  2.46362202e-03, -9.52474475e-02,
        -1.53613193e-02,  2.11452600e-02,  3.55464108e-02,
        -6.43166825e-02, -1.00323692e-01, -6.27260953e-02,
        -3.53339761e-02,  8.60588029e-02, -1.63149182e-02,
         1.82416365e-02, -8.11620727e-02, -3.20546292e-02,
         1.81479659e-02, -5.67836575e-02,  2.94576474e-02,
         3.06481477e-02,  3.14748213e-02, -5.95843382e-02,
         3.31527106e-02, -4.16207947e-02,  4.81069181e-03,
        -4.75189723e-02,  7.44261518e-02, -4.45567966e-02,
        -2.80529149e-02, -9.21238214e-02,  2.31491458e-02,
        -1.16164021e-01, -1.44688413e-02,  3.79263684e-02,
        -4.87044890e-04, -5.16338041e-03, -2.67799292e-02,
        -4.88672731e-03, -4.73771095e-02,  1.81152823e-03,
        -9.11440924e-02, -5.51555753e-02, -5.72342649e-02,
         4.33296077e-02,  1.04390206e-02,  5.02706170e-02,
        -4.14277650e-02],
       [-9.05837044e-02, -3.34929600e-02,  4.40184101e-02,
        -5.10826074e-02, -2.38733720e-02, -1.25313386e-01,
        -4.08314951e-02, -8.85296986e-03,  7.79528245e-02,
        -1.18686138e-02, -2.34180968e-02, -4.11465485e-03,
        -3.01002897e-02, -1.35425180e-01, -1.25958517e-01,
         7.05880895e-02,  6.51950762e-02,  6.39101565e-02,
         3.23333070e-02, -7.29402527e-02,  5.54803088e-02,
        -7.61373341e-03,  2.28726622e-02,  3.77668515e-02,
         6.60183355e-02, -2.81217489e-02,  2.28173584e-02,
         1.71118733e-02, -3.34541686e-02,  2.84887832e-02,
         1.92930959e-02,  6.35533407e-02, -3.32221799e-02,
        -7.31042549e-02, -1.64989661e-02,  4.99165133e-02,
        -4.33803769e-03,  1.61879100e-02, -3.95356864e-02,
         1.57706048e-02,  2.83227004e-02, -6.17452264e-02,
        -2.94661410e-02, -2.26125829e-02, -2.43573170e-02,
         1.99274160e-02, -3.20997764e-03, -6.89125881e-02,
        -9.39652920e-02,  5.22642545e-02, -5.08955028e-03,
         2.09326744e-02, -1.09715611e-02,  6.07057624e-02,
         3.33144106e-02, -7.57983997e-02,  1.37075558e-02,
        -1.28879055e-01,  8.10657069e-02,  7.36736581e-02,
        -9.48174670e-02, -1.80897955e-02,  2.30664704e-02,
         4.57768282e-03, -5.27919345e-02,  7.68666342e-02,
         1.57607701e-02,  4.78505976e-02,  9.22913179e-02,
         1.04236137e-02,  7.72337094e-02,  1.73479635e-02,
         2.48525441e-02,  5.41288331e-02, -1.88973565e-02,
        -1.59917157e-02,  2.23359708e-02,  6.66632801e-02,
         4.52736504e-02, -3.23448866e-03, -5.93998507e-02,
         4.09089290e-02,  4.32585180e-02, -2.92440802e-02,
         3.34622152e-02, -1.79638416e-01, -5.01902699e-02,
        -5.24464436e-03,  1.59601513e-02, -9.66031179e-02,
         6.16499372e-02, -4.99273613e-02, -2.55238116e-02,
         9.20908973e-02,  1.01235947e-02, -8.68141092e-03,
         1.17316172e-02,  2.75221001e-02,  6.38400316e-02,
         1.32254452e-01],
       [-3.87487351e-03, -1.87253170e-02,  7.69371912e-03,
        -1.69452671e-02,  6.21508360e-02,  8.47400501e-02,
        -2.28363853e-02,  2.94120070e-02,  1.37114031e-02,
        -7.16853247e-04, -4.15994301e-02, -6.24475293e-02,
        -7.65163079e-02, -7.40339160e-02, -8.19143876e-02,
         8.27242713e-03, -5.57837589e-03, -6.78828880e-02,
         3.53201665e-02,  5.08131087e-02, -4.56123240e-03,
         1.44160613e-01, -3.62778723e-04, -2.43983828e-02,
        -7.10149109e-02,  9.34731886e-02, -2.61598974e-02,
         5.62712364e-02, -1.52540896e-02,  4.76359688e-02,
         3.15777934e-03, -8.01547095e-02,  1.16938744e-02,
        -1.28810242e-01, -3.02856485e-03,  4.22318541e-02,
         1.32859917e-02,  1.21932058e-02,  1.62795391e-02,
        -4.11286168e-02, -9.55339074e-02, -8.00722372e-03,
        -1.20882489e-01, -6.74796710e-03,  6.69340417e-02,
         3.05730533e-02, -3.38676531e-04, -7.31593464e-03,
        -8.83960724e-02,  6.24353113e-03, -5.90903759e-02,
         3.15956213e-02,  1.07949153e-01, -2.38749180e-02,
         9.59574245e-03, -3.34977582e-02,  4.74289246e-03,
        -4.37327512e-02,  6.22618906e-02,  1.03508830e-01,
        -1.66290477e-02,  3.16945426e-02, -2.44407589e-03,
        -1.60382464e-04,  3.72928940e-02,  1.13798138e-02,
        -3.76872569e-02, -1.58113912e-02,  4.61701676e-03,
         6.13252632e-02,  1.43592646e-02, -6.74855476e-03,
        -5.67816980e-02,  1.11738304e-02, -3.87662537e-02,
         3.71009548e-04, -9.70720351e-02,  7.84246344e-03,
         5.90733849e-02, -3.97767574e-02,  5.06239049e-02,
         8.69642105e-03,  6.60917088e-02,  1.35363685e-02,
         6.48175105e-02, -8.63042325e-02, -1.14078587e-02,
        -1.99886616e-02,  8.82592946e-02,  1.91028721e-05,
         6.98336065e-02,  2.11956184e-02, -3.97933535e-02,
         7.36323521e-02, -2.93744262e-02, -7.13757053e-02,
        -1.40889948e-02,  1.46614835e-02, -1.34595903e-02,
         2.98755262e-02],
       [-2.06036773e-02,  5.92747703e-02,  2.94053438e-03,
         3.61520015e-02, -4.21213917e-02,  5.62759303e-02,
        -2.67901621e-03, -3.12302355e-02,  3.12336478e-02,
         2.14168895e-02,  2.33857054e-02, -6.41408656e-03,
        -3.58937867e-02, -1.88758429e-02, -2.12791618e-02,
        -6.11116886e-02, -1.00602955e-02, -1.46734966e-02,
        -2.47513540e-02,  8.34014453e-03,  1.38275577e-02,
         1.70377400e-02,  4.99608628e-02, -2.02268157e-02,
         3.32168415e-02, -4.24512252e-02,  1.59499422e-02,
         9.45736170e-02, -2.41517462e-02,  2.75158118e-02,
        -3.63444127e-02, -6.38152584e-02, -5.11232503e-02,
         3.98105755e-03, -2.13202424e-02,  6.07421100e-02,
        -1.08254207e-02,  2.58441214e-02,  2.63169855e-02,
         6.10995963e-02, -3.83185036e-02, -6.80060014e-02,
         1.67384818e-02, -2.98874658e-02, -8.08561407e-03,
         4.92584966e-02,  1.44396005e-02, -2.95030396e-03,
        -1.03136552e-02,  1.21280802e-02, -2.29779035e-02,
        -2.00819666e-03, -1.30676795e-02,  3.22433375e-02,
        -4.40703854e-02,  2.81443503e-02,  6.72047958e-02,
         5.68715520e-02,  1.88258234e-02,  1.26910927e-02,
         1.65551435e-02,  3.56065342e-03,  3.16099040e-02,
        -2.36564241e-02, -1.59037765e-02, -6.56892359e-02,
        -4.43939641e-02, -3.51903327e-02,  3.65728186e-03,
         4.26970655e-03,  1.92826893e-02,  8.34232718e-02,
         1.93198901e-02,  7.92046711e-02,  1.12722591e-01,
         5.93488694e-05, -5.70201762e-02, -3.27491723e-02,
         1.66203324e-02,  7.94482082e-02,  9.34446347e-04,
        -5.53632751e-02, -4.79766950e-02, -1.46725625e-02,
        -7.47051165e-02,  3.09720226e-02, -4.22164239e-02,
        -1.00328412e-03, -4.00526486e-02,  8.15497413e-02,
         2.75982264e-02, -3.73686701e-02, -1.45998839e-02,
        -3.82440947e-02,  1.37363737e-02, -3.34961452e-02,
        -3.13800760e-02, -1.34243771e-01,  5.00487350e-02,
        -2.95039117e-02],
       [ 1.68952998e-02,  5.02717905e-02, -3.92495096e-02,
        -1.07036866e-02, -1.96976997e-02,  4.83585708e-02,
         4.61538620e-02,  6.19961917e-02, -5.65945320e-02,
         4.43617478e-02, -2.63570044e-02, -1.25811771e-02,
         3.78545001e-03, -5.72511442e-02, -1.47206491e-04,
         3.55510898e-02,  3.70771391e-04,  1.61883365e-02,
        -1.87104978e-02,  8.02633539e-02,  9.69230980e-02,
        -1.26943097e-01,  4.01812904e-02,  1.57185458e-02,
         3.66823487e-02,  4.25514504e-02, -1.00865141e-01,
        -4.33035605e-02, -1.23074371e-02, -1.21853100e-02,
         4.47663628e-02,  3.84589843e-02, -2.69273371e-02,
         2.41324771e-02, -1.12605409e-03,  2.87864208e-02,
        -6.11883663e-02, -3.59185711e-02,  4.16815542e-02,
        -9.14644524e-02, -7.23378127e-03,  5.19018015e-03,
         5.73442839e-02, -1.38935959e-02, -5.58529496e-02,
         1.32057415e-02,  1.58473831e-02, -5.23283379e-03,
        -2.98597962e-02,  6.82488158e-02, -1.19862370e-01,
         4.25665788e-02, -4.34047775e-04,  1.97552629e-02,
         4.49428670e-02,  4.45463369e-03,  2.57263612e-02,
        -7.74579644e-02, -8.75671394e-03,  9.65208411e-02,
         3.96788493e-02,  7.49867633e-02,  2.92486306e-02,
        -1.48128113e-02, -4.66779619e-02, -2.69119386e-02,
        -4.88446020e-02, -5.99477068e-02, -1.97092467e-03,
        -3.30938920e-02,  7.32813999e-02, -9.84046701e-03,
         4.09304313e-02, -1.87812783e-02, -1.25607595e-01,
        -7.82598630e-02, -4.85149436e-02,  3.72218341e-02,
         5.17328866e-02,  8.76718536e-02, -5.38106039e-02,
         4.68196347e-02,  2.35850718e-02,  7.94450101e-03,
        -6.70978939e-03, -3.66933458e-02,  3.63344932e-03,
        -4.65653613e-02, -1.52404653e-02, -4.31035012e-02,
         7.06043541e-02,  5.25707863e-02,  3.63143943e-02,
        -1.54919727e-02, -4.06859629e-03, -2.89798919e-02,
         9.84675065e-03, -3.93944420e-02, -3.87900807e-02,
         5.15915118e-02],
       [-4.94095497e-03, -2.86280252e-02,  1.51846949e-02,
        -1.05057722e-02,  4.53631394e-02, -4.20283107e-03,
         4.29451093e-03,  6.27928749e-02,  2.02124547e-02,
        -4.56565432e-02,  6.94254190e-02,  1.33247776e-02,
        -8.14285055e-02, -3.02476771e-02, -4.18280205e-03,
         1.72238704e-02,  7.55857443e-03, -2.56562838e-03,
        -2.35653743e-02, -8.38744864e-02, -6.81780232e-03,
        -3.45985927e-02, -5.97737841e-02,  4.11058068e-02,
        -2.76858117e-02,  6.07374981e-02, -8.14242009e-03,
         9.42721292e-02, -2.32553203e-02,  2.25023343e-03,
         6.93383161e-03, -2.31965557e-02, -2.22086385e-02,
         2.86098123e-02,  8.29493329e-02, -2.71612173e-03,
         3.36581208e-02, -1.05969109e-01, -6.64287433e-02,
         8.14467482e-03, -3.20611708e-02,  1.97316497e-03,
        -2.81029940e-02, -3.09777688e-02, -1.65147260e-02,
         7.80824199e-02,  1.73140094e-02,  7.54270777e-02,
         4.55716848e-02,  2.22476455e-03, -3.56527194e-02,
         7.82839283e-02,  6.74905479e-02,  3.76466252e-02,
        -1.01401368e-02, -4.77982461e-02, -6.20459160e-03,
        -7.56149460e-03, -3.27588767e-02, -9.94380191e-02,
         5.46015315e-02, -2.88080832e-04,  2.76218653e-02,
        -2.29422431e-02,  7.81766232e-03,  1.35891726e-02,
        -1.03670888e-01, -4.95534688e-02,  3.27397287e-02,
        -8.90560076e-02, -6.91362247e-02, -5.08033596e-02,
         3.75913642e-02,  1.22558279e-02,  3.08899228e-02,
         3.33537385e-02,  8.45360160e-02,  5.13009392e-02,
         1.83266960e-02, -3.61675434e-02, -1.20336130e-01,
         1.23490673e-02, -1.90427694e-02,  3.07902577e-03,
        -8.44168197e-03, -1.66832153e-02,  2.82152300e-03,
         3.20815109e-03, -1.32031441e-02, -5.96957002e-03,
        -7.70625565e-03, -5.00600301e-02, -1.10974252e-01,
        -5.15391007e-02, -7.19735771e-02,  2.89933961e-02,
         7.00824633e-02,  1.17278313e-02, -3.10135782e-02,
         6.78124502e-02],
       [ 7.81926699e-03, -4.06506769e-02,  1.34272352e-02,
        -2.32925620e-02,  1.28980251e-02, -1.76887736e-02,
         4.51165102e-02, -1.18312649e-02, -5.45892529e-02,
        -3.71473213e-03,  4.62172786e-03, -3.99444699e-02,
        -4.94219288e-02,  4.04909961e-02, -8.29812661e-02,
        -1.83563381e-02,  1.76918954e-02, -5.39892204e-02,
        -3.36314216e-02, -5.79272099e-02,  5.96868470e-02,
        -3.34940292e-02, -1.96195524e-02, -4.46899645e-02,
         3.99565510e-02,  4.10848111e-02, -1.05437366e-02,
         1.07832039e-02, -6.21304996e-02,  1.50845563e-02,
        -1.56926773e-02, -6.10536821e-02,  1.21908262e-01,
         1.72137748e-02, -9.85697284e-03, -1.80277284e-02,
        -5.63639365e-02,  3.18547315e-03, -3.20343971e-02,
         1.42381517e-02, -1.11722143e-03, -2.65515782e-02,
        -2.34001577e-02,  2.51357909e-02,  2.08134446e-02,
        -2.07581110e-02,  7.44564459e-03,  9.35882628e-02,
         1.01745240e-01, -2.02399120e-03, -1.80168785e-02,
         2.72010658e-02,  6.12238310e-02, -4.56084535e-02,
        -1.24942437e-02,  7.20681995e-02,  4.09601554e-02,
        -1.57815721e-02,  5.17224669e-02,  8.90639424e-02,
        -2.16375422e-02,  7.96688050e-02,  3.15077156e-02,
         9.80061200e-03,  1.37352068e-02,  6.86922297e-02,
        -1.68479921e-03,  4.37045693e-02, -2.40459740e-02,
        -6.99847713e-02,  7.71898553e-02, -1.76487938e-02,
        -3.19834873e-02, -2.51689591e-02, -2.28628013e-02,
        -7.12206811e-02, -2.46458384e-03, -6.91787824e-02,
         1.90503232e-03,  4.29010727e-02,  4.52534221e-02,
         6.85653824e-04,  3.19139697e-02,  3.73953395e-02,
        -1.17962703e-03, -1.84549708e-02,  2.61003859e-02,
         9.41088703e-03, -1.72554459e-02,  9.80867967e-02,
         4.34312038e-02, -1.03915788e-01, -2.12549269e-02,
         9.80465338e-02,  1.47223612e-03,  8.23116824e-02,
         7.99420252e-02,  6.19551428e-02,  4.79885861e-02,
         4.03392576e-02],
       [ 4.09772471e-02,  1.00790970e-01,  4.23363224e-02,
         1.87523253e-02, -7.44137391e-02, -2.56604981e-02,
        -2.50504296e-02,  7.59536168e-03, -2.27763336e-02,
        -2.22817566e-02,  7.32092783e-02,  1.09295174e-02,
         4.34883386e-02, -5.64896278e-02,  4.23479713e-02,
         2.80948039e-02, -4.78529418e-03, -5.12115750e-03,
         4.21606302e-02,  2.49189511e-02, -4.06569503e-02,
         2.02924162e-02,  8.12898949e-02, -6.58966526e-02,
        -4.16106246e-02, -3.21218483e-02,  4.47553694e-02,
         2.92851757e-02, -3.57809030e-02,  4.55165878e-02,
        -8.40370636e-03, -5.51135540e-02, -3.84416878e-02,
        -3.88071244e-03,  1.57198206e-01, -1.01599470e-01,
         1.95219573e-02,  2.05170717e-02, -6.83175698e-02,
         1.23654827e-02, -5.96681610e-02,  3.48323472e-02,
        -8.87821801e-03,  5.07057384e-02,  1.78447571e-02,
         3.56102223e-03,  3.04533876e-02,  5.70056029e-02,
        -5.83774112e-02,  1.94547530e-02, -9.56737157e-03,
        -3.43039073e-02,  7.21552297e-02,  8.13769177e-02,
         4.02710661e-02,  2.92988550e-02,  8.98035392e-02,
         6.46079108e-02,  9.60547570e-03, -2.02103239e-02,
         2.25267969e-02,  7.91342184e-02, -4.77227475e-03,
        -5.49557917e-02,  4.02265750e-02, -6.41384125e-02,
        -1.42710824e-02, -2.27620658e-02,  9.93358530e-03,
        -1.21203344e-02, -4.25965264e-02, -8.54982343e-03,
         6.56284718e-03,  4.08711582e-02,  4.43376899e-02,
         5.02303727e-02, -4.73730415e-02,  4.26399633e-02,
        -3.12600322e-02, -1.09402370e-02,  5.41855097e-02,
        -1.26980348e-02, -5.38447499e-02,  7.97542259e-02,
        -4.20193113e-02, -3.28524858e-02, -3.64007801e-02,
        -3.62222008e-02,  3.76793593e-02,  3.38270776e-02,
         1.13066938e-02, -2.81139854e-02, -3.27616781e-02,
        -4.38468531e-03, -7.29012787e-02, -6.14284910e-03,
         1.27837762e-01, -1.82506051e-02, -6.32086247e-02,
         1.67375039e-02]], dtype=float32), array([0., 0., 0., 0., 0., 0., 0., 0., 0., 0., 0., 0., 0., 0., 0., 0., 0.,
       0., 0., 0., 0., 0., 0., 0., 0., 0., 0., 0., 0., 0., 0., 0., 0., 0.,
       0., 0., 0., 0., 0., 0., 0., 0., 0., 0., 0., 0., 0., 0., 0., 0., 0.,
       0., 0., 0., 0., 0., 0., 0., 0., 0., 0., 0., 0., 0., 0., 0., 0., 0.,
       0., 0., 0., 0., 0., 0., 0., 0., 0., 0., 0., 0., 0., 0., 0., 0., 0.,
       0., 0., 0., 0., 0., 0., 0., 0., 0., 0., 0., 0., 0., 0., 0.],
      dtype=float32), array([[-0.01227887, -0.02830902,  0.00202748, ..., -0.04856579,
         0.0259016 ,  0.08662632],
       [-0.05219739, -0.04806966,  0.05709933, ..., -0.04158037,
        -0.05777081, -0.02061028],
       [ 0.04152587,  0.00021359, -0.02393239, ..., -0.05657596,
        -0.01352941, -0.03259671],
       ...,
       [ 0.00214999,  0.06406518, -0.03096044, ..., -0.03963364,
        -0.0529672 , -0.01368814],
       [ 0.04566919, -0.03329055, -0.02066466, ...,  0.01679377,
        -0.08594077, -0.00445401],
       [ 0.02580847,  0.01335516, -0.02681984, ...,  0.03684573,
        -0.02718213,  0.05476831]], dtype=float32), array([0., 0., 0., 0., 0., 0., 0., 0., 0., 0., 0., 0., 0., 0., 0., 0., 0.,
       0., 0., 0., 0., 0., 0., 0., 0., 0., 0., 0., 0., 0., 0., 0., 0., 0.,
       0., 0., 0., 0., 0., 0., 0., 0., 0., 0., 0., 0., 0., 0., 0., 0., 0.,
       0., 0., 0., 0., 0., 0., 0., 0., 0., 0., 0., 0., 0., 0., 0., 0., 0.,
       0., 0., 0., 0., 0., 0., 0., 0., 0., 0., 0., 0., 0., 0., 0., 0., 0.,
       0., 0., 0., 0., 0., 0., 0., 0., 0., 0., 0., 0., 0., 0., 0.],
      dtype=float32), array([[-0.04212628,  0.06782775,  0.07147411, ..., -0.01701111,
        -0.0263479 ,  0.01791686],
       [ 0.01334662, -0.01033062,  0.05749258, ...,  0.04041347,
        -0.04114444,  0.00887735],
       [-0.01475683, -0.0131182 ,  0.09599774, ..., -0.02301271,
         0.0765693 , -0.06297798],
       ...,
       [-0.03453158, -0.02301152,  0.01805356, ..., -0.06147322,
         0.00094803,  0.03435643],
       [ 0.0022951 ,  0.04165847, -0.02882514, ...,  0.00492256,
        -0.04664863,  0.06659185],
       [ 0.0713653 , -0.07098453,  0.01029974, ..., -0.04110602,
        -0.01461872,  0.03707429]], dtype=float32), array([0., 0., 0., 0., 0., 0., 0., 0., 0., 0., 0., 0., 0., 0., 0., 0., 0.,
       0., 0., 0., 0., 0., 0., 0., 0., 0., 0., 0., 0., 0., 0., 0., 0., 0.,
       0., 0., 0., 0., 0., 0., 0., 0., 0., 0., 0., 0., 0., 0., 0., 0., 0.,
       0., 0., 0., 0., 0., 0., 0., 0., 0., 0., 0., 0., 0., 0., 0., 0., 0.,
       0., 0., 0., 0., 0., 0., 0., 0., 0., 0., 0., 0., 0., 0., 0., 0., 0.,
       0., 0., 0., 0., 0., 0., 0., 0., 0., 0., 0., 0., 0., 0., 0., 0., 0.,
       0., 0., 0., 0., 0., 0., 0., 0., 0., 0., 0., 0., 0., 0., 0., 0., 0.,
       0., 0., 0., 0., 0., 0., 0., 0., 0., 0., 0., 0., 0., 0., 0., 0., 0.,
       0., 0., 0., 0., 0., 0., 0., 0., 0., 0., 0., 0., 0., 0.],
      dtype=float32), array([[ 0.10976084,  0.01045848, -0.0074423 , ...,  0.0073061 ,
         0.04086551, -0.0068173 ],
       [ 0.04930786,  0.06216586,  0.06310202, ...,  0.09711461,
         0.04518616, -0.02293256],
       [-0.11301649,  0.09429418, -0.05355772, ...,  0.01671254,
        -0.0467407 ,  0.00569654],
       ...,
       [-0.0379726 , -0.10970592,  0.00177925, ...,  0.06720028,
        -0.01816398, -0.10526651],
       [-0.02660338,  0.02150695, -0.06181125, ...,  0.04371124,
         0.02065175, -0.00371168],
       [-0.03206804, -0.04475379,  0.00683187, ..., -0.04939384,
         0.00866557, -0.02184941]], dtype=float32), array([0., 0., 0., 0., 0., 0., 0., 0., 0., 0., 0., 0., 0., 0., 0., 0., 0.,
       0., 0., 0., 0., 0., 0., 0., 0., 0., 0., 0., 0., 0., 0., 0., 0., 0.,
       0., 0., 0., 0., 0., 0., 0., 0., 0., 0., 0., 0., 0., 0., 0., 0., 0.,
       0., 0., 0., 0., 0., 0., 0., 0., 0., 0., 0., 0., 0., 0., 0., 0., 0.,
       0., 0., 0., 0., 0., 0., 0., 0., 0., 0., 0., 0., 0., 0., 0., 0., 0.,
       0., 0., 0., 0., 0., 0., 0., 0., 0., 0., 0., 0., 0., 0., 0.],
      dtype=float32), array([[-1.93859767e-02,  3.92969511e-02, -6.25936687e-03,
         1.89795308e-02,  3.52984667e-02,  1.94801148e-02,
         6.42862394e-02,  5.75027466e-02, -5.81467114e-02],
       [ 6.67623952e-02,  1.77031234e-02, -1.10553100e-03,
        -1.74720753e-02, -3.86989154e-02, -2.69869175e-02,
         3.99373472e-04,  4.91427667e-02,  2.91527659e-02],
       [-3.56338248e-02,  4.19989750e-02,  3.94121185e-02,
         4.48571108e-02, -2.56822854e-02,  1.20063927e-02,
        -1.55902253e-02,  2.91347206e-02,  1.55168325e-02],
       [-9.30847302e-02,  4.45067091e-03, -3.21925990e-02,
         1.08277299e-01,  3.76420133e-02,  3.82544547e-02,
        -6.30374402e-02, -3.79074924e-02,  1.18689006e-02],
       [-1.47861084e-02,  5.07928692e-02, -2.09848117e-02,
        -3.24838497e-02, -4.58201952e-02,  1.32378759e-02,
         6.58599660e-02,  3.46112587e-02,  2.35457700e-02],
       [ 2.06006896e-02, -3.98610048e-02,  2.70652454e-02,
         5.78831732e-02, -2.58949585e-02, -8.13624859e-02,
         3.14496718e-02,  7.45657310e-02, -7.67699955e-03],
       [ 5.50312363e-02, -3.13440450e-02,  2.13070270e-02,
         3.40118934e-03,  5.12476079e-02,  1.54510243e-02,
         7.61086717e-02, -6.54972643e-02, -6.30906448e-02],
       [ 1.25391027e-02,  2.92434581e-02, -4.64909635e-02,
        -5.59595227e-02,  9.81184617e-02,  6.72090147e-03,
        -3.90225537e-02, -2.33232882e-02, -9.77812335e-02],
       [-5.82408719e-02, -3.13742235e-02,  1.09980009e-01,
         3.89673002e-03, -4.22840230e-02, -5.50543144e-02,
        -9.49436426e-03, -3.73385637e-03, -1.40766529e-02],
       [ 3.70066129e-02,  4.43436503e-02, -6.06925152e-02,
         3.78762744e-02, -6.06474541e-02, -6.43603727e-02,
         1.01046078e-01,  1.29183279e-02, -7.17246756e-02],
       [ 6.72104582e-02, -1.21170211e-04, -1.33323953e-01,
        -2.03539245e-02, -7.37794116e-02, -4.49528359e-03,
        -1.38377221e-02, -3.45587693e-02, -8.19842443e-02],
       [-8.00791159e-02,  3.59359272e-02, -1.97432637e-02,
        -9.31194052e-03, -2.87270788e-02, -7.04904869e-02,
        -6.20686486e-02,  3.46620497e-03, -1.99064706e-02],
       [-2.89950948e-02, -2.93066744e-02,  7.95347150e-03,
        -4.64413986e-02,  1.26886992e-02,  7.79548800e-03,
        -4.82529914e-03,  1.62168965e-02, -7.91269466e-02],
       [-1.11666005e-02, -7.84845650e-02,  5.39462343e-02,
         4.58448641e-02, -1.06389700e-02, -6.86105043e-02,
         1.57555495e-03,  2.23123655e-02, -2.76922565e-02],
       [-3.09491139e-02,  4.63180915e-02, -8.87297243e-02,
         9.68397036e-03, -5.36455587e-02, -8.66942704e-02,
         7.90139381e-03, -3.70298214e-02,  7.15491399e-02],
       [-7.65135959e-02,  3.07000875e-02,  4.70685512e-02,
        -5.48127480e-02, -7.32091069e-02,  3.63632254e-02,
         2.74020620e-02, -1.19250193e-02,  2.81805266e-03],
       [-2.48494949e-02, -5.02305739e-02,  9.59286094e-03,
         1.28133371e-02,  1.00925222e-01, -7.91100040e-03,
        -3.48140858e-02,  1.39686407e-03, -9.73717049e-02],
       [ 3.54927741e-02, -3.99885001e-03, -3.42356414e-02,
        -4.98295343e-03, -8.06388631e-02,  9.05981660e-03,
        -5.21151628e-03,  6.52777702e-02, -5.44458702e-02],
       [-1.46269742e-02, -3.66291441e-02, -3.07113286e-02,
        -2.78948490e-02,  1.02688603e-01,  7.76485503e-02,
        -8.83676559e-02, -4.27484401e-02, -6.13577850e-02],
       [-2.70394478e-02, -1.38007626e-01, -2.29551531e-02,
        -5.01149856e-02, -4.41226885e-02, -4.29077679e-03,
        -5.21896370e-02, -3.87855507e-02,  8.30205455e-02],
       [ 8.80203620e-02,  1.86072569e-02,  2.93514645e-03,
        -8.97429585e-02, -3.49584110e-02, -3.20870094e-02,
        -7.80402697e-05,  4.66854796e-02,  5.93020022e-02],
       [ 1.02164045e-01,  2.56363899e-02, -3.63953672e-02,
        -7.31915236e-02,  8.90565850e-03, -3.99163216e-02,
         2.17421260e-02,  1.18262805e-01, -1.17859868e-02],
       [ 5.07611819e-02, -1.93775278e-02,  4.37393747e-02,
        -1.23635260e-02,  2.70078965e-02, -5.94540425e-02,
         6.05932064e-02,  9.28517710e-03,  3.62875871e-02],
       [ 9.66252312e-02, -5.25662601e-02,  4.75442549e-03,
         1.42652458e-02, -6.51068836e-02, -1.57490112e-02,
        -1.05756503e-02, -8.93614143e-02, -9.37863719e-03],
       [-1.51219936e-02, -2.04717927e-02, -9.03153941e-02,
         2.09802408e-02,  7.43812621e-02, -1.54213561e-02,
        -2.27691364e-02, -1.65370498e-02,  6.54619113e-02],
       [ 3.28426696e-02,  1.68706663e-02,  4.55404744e-02,
         2.17426177e-02,  3.93292122e-02, -6.45066947e-02,
         1.57193914e-02,  8.91150981e-02, -3.33143063e-02],
       [-1.97622906e-02, -6.64795041e-02,  5.61592095e-02,
        -4.04038792e-03,  4.89886757e-03, -3.65215987e-02,
         3.60539816e-02,  7.41214529e-02,  2.97028068e-02],
       [ 9.12417322e-02,  3.85888629e-02,  4.74472679e-02,
         3.39418873e-02, -9.88003239e-02,  2.91113439e-03,
        -3.43475491e-02,  3.59437875e-02, -4.68955263e-02],
       [-1.09552525e-01, -6.98397607e-02,  1.17617846e-02,
         1.16729818e-01, -2.97347251e-02, -2.11029965e-02,
         1.19831242e-01,  2.96564307e-02, -1.06520571e-01],
       [-1.98766425e-01,  6.45054504e-02,  7.17724068e-03,
         2.46791113e-02,  2.49564257e-02, -5.35697304e-03,
        -4.46760058e-02, -1.39044179e-02, -7.04020634e-02],
       [ 3.91187742e-02,  1.02850795e-02, -2.61587389e-02,
         2.31816471e-02,  9.49257016e-02, -8.61161854e-03,
        -1.09601067e-02,  5.74077740e-02,  6.45888522e-02],
       [-1.01635167e-02, -2.12910809e-02,  5.96910976e-02,
         9.66347940e-03,  1.92490574e-02, -1.60829984e-02,
        -2.46317219e-02,  1.86661463e-02,  3.71643268e-02],
       [-3.09333000e-02,  2.81972922e-02, -4.85733189e-02,
         2.75938753e-02, -3.02941296e-02,  1.44185405e-03,
         1.01787681e-02,  5.48293479e-02, -3.21222991e-02],
       [-4.18702029e-02,  3.00183240e-02, -5.11592291e-02,
        -1.21614926e-01,  1.49131035e-02,  1.02514602e-01,
         1.04588985e-01, -7.39307329e-03, -5.56977056e-02],
       [ 7.24908635e-02,  6.62888438e-02, -5.19123673e-02,
         8.42579547e-03, -8.01701099e-02, -9.84013379e-02,
        -1.80415716e-02, -8.86392221e-02,  3.19643579e-02],
       [-3.89690846e-02, -4.23287563e-02,  7.05459639e-02,
         5.67594171e-02,  1.41675323e-02,  1.40583068e-02,
         8.83300975e-03, -4.56868187e-02, -1.51712326e-02],
       [-1.30342349e-01,  4.88030612e-02, -1.80966388e-02,
        -5.44528477e-03, -8.91444609e-02, -2.20722076e-03,
         4.93280776e-02,  5.45949414e-02, -3.90297850e-03],
       [ 1.44227101e-02,  3.29713225e-02,  5.82628511e-02,
        -3.30524556e-02, -2.24144291e-02, -6.84503391e-02,
        -9.62755606e-02, -1.18888065e-03,  1.36427945e-02],
       [-1.65495239e-02, -3.53520773e-02,  1.32338721e-02,
        -4.04538475e-02, -1.22107841e-01,  2.85891481e-02,
        -2.83214487e-02, -7.19679445e-02, -9.67734382e-02],
       [ 3.86962742e-02, -8.78458917e-02, -3.88694331e-02,
         8.85657817e-02, -3.79714184e-02, -1.00152984e-01,
         9.44248401e-03, -8.28169193e-03, -4.80111837e-02],
       [-1.52272675e-02,  3.05232313e-02,  7.42860734e-02,
         6.29400834e-02, -6.71503171e-02, -3.68313193e-02,
        -2.68194471e-02, -1.08473254e-02, -3.91168818e-02],
       [ 5.11905663e-02,  9.15233418e-02,  3.57775539e-02,
         1.90748181e-02, -8.61302298e-03, -6.95057660e-02,
         2.41278168e-02,  3.77337895e-02,  1.49584208e-02],
       [-4.02164385e-02, -5.49731664e-02, -1.11044059e-02,
         1.56141641e-02,  5.71587160e-02, -5.84997237e-02,
        -3.49746160e-02, -1.22086577e-01,  2.38175970e-02],
       [-2.24326458e-02, -6.16936684e-02, -3.98484133e-02,
         1.57183781e-02, -2.13760380e-02, -4.81794998e-02,
         9.35734343e-03,  5.85883530e-03, -2.58182418e-02],
       [-7.21921623e-02,  1.51844943e-04, -4.15095594e-03,
        -2.17204913e-02, -7.04064965e-02,  5.78869954e-02,
         1.83580574e-02, -1.61985699e-02, -3.21987434e-03],
       [-9.53974053e-02,  1.01662707e-02,  8.10587928e-02,
         1.79826263e-02,  6.69074282e-02,  8.59136656e-02,
         1.08071929e-02,  2.92143859e-02, -8.76931921e-02],
       [ 9.94694158e-02, -6.91066682e-02,  2.81685293e-02,
        -2.48048622e-02, -8.27365089e-03, -3.28273885e-02,
         2.02308758e-03,  4.01469469e-02,  6.39961883e-02],
       [ 9.22745690e-02,  3.62050049e-02, -2.26023234e-02,
         4.88414876e-02,  5.67318499e-02, -3.83803956e-02,
        -3.72738019e-02,  8.70065205e-03,  4.46411036e-02],
       [-8.59733522e-02, -5.21315001e-02, -3.40409018e-02,
        -3.18220854e-02, -1.89114083e-02, -5.36213033e-02,
         2.34806966e-02, -8.75284374e-02, -4.46892940e-02],
       [-5.95479719e-02, -8.89713038e-03,  2.78529391e-04,
        -8.52258056e-02,  6.22123899e-03,  5.59631176e-02,
         6.74917996e-02,  5.65856807e-02, -5.86521393e-03],
       [ 2.99266167e-02,  3.20442915e-02, -3.10913324e-02,
         9.67607927e-03, -5.05560525e-02, -6.15249574e-02,
        -1.00069694e-01, -1.82938278e-02,  6.35067001e-03],
       [ 3.68815027e-02, -4.89073843e-02, -1.57798249e-02,
         7.34966919e-02,  6.17678743e-04,  1.98357906e-02,
         8.84278938e-02, -1.73143633e-02, -6.60233423e-02],
       [ 1.51052758e-01,  9.56158489e-02,  3.38306427e-02,
         4.12717760e-02,  6.83556497e-02,  7.95830786e-03,
        -6.23882785e-02, -3.12840939e-03, -2.46775355e-02],
       [-5.66489715e-03, -3.74250673e-02,  7.20788315e-02,
         1.51861145e-03,  4.71596457e-02, -2.77932491e-02,
        -4.63419706e-02, -9.03854147e-02,  2.80108452e-02],
       [ 1.30454998e-03,  6.44888496e-03, -1.06551042e-02,
         8.56985524e-02, -2.55616251e-02, -1.43499017e-01,
        -4.91312928e-02,  3.91120370e-03,  1.06754079e-02],
       [-1.64538920e-02,  6.22843485e-03,  3.89349507e-03,
        -1.87824797e-02, -1.48602324e-02,  5.52742742e-02,
         5.34849754e-03, -1.68490410e-02,  2.66156588e-02],
       [ 7.63128465e-03,  1.41675649e-02, -9.90902036e-02,
        -3.95915918e-02,  5.69483303e-02,  3.38087194e-02,
         4.23441604e-02, -2.41265390e-02,  4.26443964e-02],
       [-1.34949191e-02, -4.65187570e-03, -5.29339015e-02,
         2.01525148e-02,  5.79909747e-03, -1.12734837e-02,
        -7.31171388e-03,  5.49257994e-02, -9.90933105e-02],
       [-6.57728240e-02, -3.91176455e-02, -8.47893208e-02,
         5.86518012e-02,  3.34017836e-02, -3.46932635e-02,
        -5.89200556e-02,  7.05783442e-02, -5.94470231e-03],
       [ 3.41170505e-02, -2.48085167e-02,  7.99933746e-02,
         6.98141083e-02, -1.35325240e-02, -2.19389107e-02,
        -7.41522899e-03,  7.27539733e-02, -1.25273168e-02],
       [-7.47510567e-02, -5.98040931e-02, -1.45874766e-03,
         6.09738147e-03,  9.90908500e-03, -3.26788239e-02,
         2.86607277e-02, -4.21263240e-02,  2.24815309e-02],
       [ 7.63341188e-02, -8.05366561e-02, -1.37224188e-02,
         1.97815858e-02, -6.83869876e-04, -3.97996604e-02,
        -3.30688469e-02, -6.98099360e-02,  5.68624996e-02],
       [-1.43638055e-03,  4.43918109e-02,  6.81022108e-02,
        -3.73772532e-02,  3.74711752e-02, -1.17062610e-02,
        -2.43439879e-02,  4.02349755e-02,  1.15159135e-02],
       [-2.63778325e-02,  6.08104728e-02, -9.65799298e-03,
        -3.59296165e-02,  5.64492159e-02,  4.74947058e-02,
         1.63943302e-02,  3.23811509e-02,  2.93483865e-02],
       [ 3.61184739e-02, -2.68620458e-02,  5.01797460e-02,
        -2.12235264e-02,  5.20051830e-02,  1.00606918e-01,
         2.30208095e-02, -6.98771551e-02,  8.32560211e-02],
       [-3.89078073e-02, -6.42434061e-02,  1.19562760e-01,
         3.85476500e-02, -3.82223092e-02, -2.82950532e-02,
         5.75221181e-02, -5.47982752e-02,  5.18264472e-02],
       [ 1.99247580e-02, -1.85686275e-02,  3.84489223e-02,
         5.50338514e-02, -5.42750247e-02, -4.01981585e-02,
         5.36444858e-02,  1.35370390e-02, -4.00009081e-02],
       [ 5.83783304e-03,  4.51246649e-03,  1.30443471e-02,
         5.85142337e-02, -4.68289368e-02,  5.63553683e-02,
         3.15192565e-02,  6.59120008e-02,  5.99722862e-02],
       [-1.74071118e-02,  2.75106262e-02, -2.26787869e-02,
         8.42909366e-02,  8.84657446e-03, -2.71429904e-02,
        -7.28534674e-03,  1.85512472e-02,  8.33292957e-03],
       [-6.95375800e-02,  2.77613103e-02,  1.87565256e-02,
         2.69085355e-02, -4.70356904e-02, -9.87358112e-03,
        -3.00843250e-02, -4.66101011e-03, -3.52454819e-02],
       [ 3.77370132e-04,  9.25288647e-02,  2.74797832e-03,
        -2.02779076e-03, -6.64638653e-02, -4.12067436e-02,
         3.44266482e-02, -2.57202480e-02,  3.88196670e-03],
       [ 3.19847651e-02, -7.69451493e-03,  3.19296867e-02,
         2.17534695e-02, -7.58462325e-02,  6.34351373e-02,
         2.17827410e-02, -1.04554191e-01,  2.27274615e-02],
       [ 1.06471432e-02, -5.66993840e-02, -1.83577985e-02,
         4.07634899e-02, -2.11826395e-02, -2.31828354e-02,
        -1.16773546e-02, -1.27053425e-01,  5.23256250e-02],
       [-2.49033645e-02,  5.57827018e-02, -5.32103181e-02,
        -8.07066914e-03, -2.53035873e-03, -6.50735060e-03,
         2.75985431e-02, -2.07754131e-02,  3.00426688e-02],
       [ 6.00116067e-02,  8.63767136e-03,  3.36942114e-02,
         3.51070873e-02, -8.76446534e-03, -7.29034767e-02,
         1.48630212e-03,  7.78965876e-02,  4.94961999e-02],
       [ 1.37707889e-02, -7.55776688e-02,  1.21852197e-01,
        -2.39074100e-02, -6.99247047e-02, -1.08539902e-01,
         6.69570565e-02, -1.46038234e-01, -4.04929183e-02],
       [-4.19389047e-02,  9.17596277e-03,  2.10279189e-02,
        -2.04727743e-02,  1.51701337e-02,  1.12772584e-01,
         1.15600727e-01, -3.26424465e-02, -4.15186509e-02],
       [ 5.92872910e-02,  6.85125066e-04, -6.54002046e-03,
         5.12851141e-02,  3.13907303e-02,  2.98912525e-02,
        -2.17757244e-02,  5.46575859e-02, -1.86439846e-02],
       [ 5.87371401e-02, -2.85011232e-02, -4.14277017e-02,
         6.47184998e-03,  8.07757452e-02, -6.74502999e-02,
         5.87157905e-02, -8.56332760e-03,  2.98256557e-02],
       [-3.93739417e-02, -2.02795547e-02, -7.95979798e-02,
         6.86192811e-02, -5.69000058e-02, -5.83689883e-02,
        -4.28207666e-02,  2.92331707e-02, -3.03609367e-03],
       [-6.91474183e-03, -4.97747138e-02,  3.07511277e-02,
         5.52381836e-02, -1.92599930e-02, -3.87126654e-02,
         5.51678613e-02,  7.80241331e-03, -6.75915256e-02],
       [-2.26681139e-02,  5.58561347e-02,  6.95533538e-03,
         3.58343087e-02, -6.81156144e-02,  1.04255741e-02,
         3.04851737e-02, -4.85652685e-02, -7.66577497e-02],
       [-6.89384341e-02, -3.94746102e-02,  4.54714857e-02,
         4.30914126e-02, -1.80722252e-02,  1.38641745e-02,
        -1.09586893e-02, -2.96526551e-02, -1.33944452e-02],
       [ 5.68804815e-02, -2.82974131e-02,  1.68970954e-02,
         6.92125559e-02,  4.84804511e-02, -1.09186493e-01,
         1.08503317e-02, -4.20780992e-03, -1.42743187e-02],
       [-2.94233169e-02, -1.82680581e-02,  2.75898110e-02,
        -1.31290844e-02,  6.53508306e-03, -3.99290696e-02,
        -3.18820253e-02,  8.82911906e-02, -2.29501780e-02],
       [ 7.55608156e-02, -4.63014692e-02,  6.07667863e-02,
        -1.00503676e-02, -3.46893370e-02, -7.73938671e-02,
         2.01815758e-02, -2.96630021e-02,  4.37475890e-02],
       [-7.19577596e-02, -1.87632982e-02,  3.58726904e-02,
         4.22269804e-03, -6.47730902e-02, -4.79624756e-02,
        -2.33519077e-02, -4.29273210e-02, -8.13813414e-03],
       [-8.56139872e-04,  3.84380594e-02,  3.44853364e-02,
         7.20184669e-02,  5.47089763e-02, -5.47137985e-04,
        -5.47491619e-03, -4.29781303e-02,  5.77804931e-02],
       [-4.86710630e-02, -4.82430030e-03,  8.47290382e-02,
         6.39298931e-02, -2.96967709e-03, -4.96742490e-04,
         5.29079102e-02, -9.36732516e-02, -3.30688097e-02],
       [ 7.79488534e-02, -2.36534867e-02, -2.79104710e-02,
         3.38708796e-02, -1.78323523e-03, -9.26167592e-02,
        -9.55235884e-02,  9.89766717e-02,  7.78278634e-02],
       [-8.84655789e-02, -2.81312522e-02,  1.61112435e-02,
         5.27159646e-02, -5.61850145e-02, -6.46158308e-03,
        -3.86257023e-02, -6.33000657e-02,  2.23271339e-03],
       [-1.82291251e-02, -2.14573573e-02,  3.48005560e-03,
         5.23438230e-02,  3.67816910e-02, -2.82007735e-02,
         1.06446020e-01, -1.27472028e-01,  5.43052815e-02],
       [-6.12972043e-02,  9.91414394e-03, -9.76750348e-03,
        -2.45778970e-02,  5.88223301e-02, -6.25156844e-03,
        -4.68984805e-02, -5.74089773e-03,  5.86714633e-02],
       [ 1.04438841e-01,  1.34210559e-02, -2.16693785e-02,
         2.16124002e-02,  1.19282559e-01, -2.26387661e-02,
         4.09242325e-02,  3.84786129e-02, -3.05615435e-03],
       [-5.06142192e-02, -7.00508207e-02,  2.73171533e-03,
         2.40758341e-02, -2.47476753e-02,  6.85123876e-02,
        -1.17438827e-02,  3.39208245e-02,  3.37569276e-03],
       [-3.16289216e-02,  7.07807988e-02,  7.45950565e-02,
         1.16409762e-02,  9.10654217e-02,  2.24516075e-02,
         3.53573337e-02,  3.03336121e-02, -5.69107533e-02],
       [ 9.61989071e-03,  7.85642490e-03,  1.62332598e-02,
        -8.45092088e-02,  4.88194600e-02, -3.86457555e-02,
         1.15812235e-02,  1.28401354e-01, -8.75655487e-02],
       [ 1.02496564e-01,  1.00262120e-01, -4.41160090e-02,
         4.54874374e-02, -5.80687299e-02, -2.19951123e-02,
         1.04276113e-01, -6.42573759e-02,  5.02016507e-02],
       [-5.89917786e-02,  2.60945000e-02,  8.32448229e-02,
        -9.99868140e-02, -4.05725464e-02, -4.13841717e-02,
        -2.72375774e-02, -9.32186842e-03,  2.90059391e-02],
       [-9.59622860e-02, -2.12341361e-02,  1.02807835e-01,
         3.63891497e-02,  6.76839426e-02, -2.38225888e-02,
         7.87506327e-02,  6.67425618e-02,  7.76994741e-03]], dtype=float32), array([0., 0., 0., 0., 0., 0., 0., 0., 0.], dtype=float32)]
Epoch 1/5

  100/12150 [..............................] - ETA: 1:21 - loss: 9.1768 - mean_absolute_error: 9.1768 - mean_squared_error: 86.8666
 1000/12150 [=>............................] - ETA: 8s - loss: 8.1356 - mean_absolute_error: 8.1356 - mean_squared_error: 164.5832 
 1900/12150 [===>..........................] - ETA: 4s - loss: 7.8315 - mean_absolute_error: 7.8315 - mean_squared_error: 136.2204
 2800/12150 [=====>........................] - ETA: 2s - loss: 7.5972 - mean_absolute_error: 7.5972 - mean_squared_error: 112.9974
 3700/12150 [========>.....................] - ETA: 2s - loss: 7.5841 - mean_absolute_error: 7.5841 - mean_squared_error: 132.1481
 4600/12150 [==========>...................] - ETA: 1s - loss: 7.4733 - mean_absolute_error: 7.4733 - mean_squared_error: 119.1863
 5600/12150 [============>.................] - ETA: 1s - loss: 7.2414 - mean_absolute_error: 7.2414 - mean_squared_error: 132.0339
 6500/12150 [===============>..............] - ETA: 0s - loss: 6.8903 - mean_absolute_error: 6.8903 - mean_squared_error: 132.6223
 7400/12150 [=================>............] - ETA: 0s - loss: 6.3346 - mean_absolute_error: 6.3346 - mean_squared_error: 120.1163
 8300/12150 [===================>..........] - ETA: 0s - loss: 5.8297 - mean_absolute_error: 5.8297 - mean_squared_error: 108.0943
 9200/12150 [=====================>........] - ETA: 0s - loss: 5.3905 - mean_absolute_error: 5.3905 - mean_squared_error: 98.2478 
10100/12150 [=======================>......] - ETA: 0s - loss: 5.0204 - mean_absolute_error: 5.0204 - mean_squared_error: 90.1271
11000/12150 [==========================>...] - ETA: 0s - loss: 4.7000 - mean_absolute_error: 4.7000 - mean_squared_error: 82.9518
11900/12150 [============================>.] - ETA: 0s - loss: 4.4188 - mean_absolute_error: 4.4188 - mean_squared_error: 76.9045
12150/12150 [==============================] - 1s 114us/step - loss: 4.3451 - mean_absolute_error: 4.3451 - mean_squared_error: 75.3468
Epoch 2/5

  100/12150 [..............................] - ETA: 0s - loss: 0.9088 - mean_absolute_error: 0.9088 - mean_squared_error: 1.5448
 1000/12150 [=>............................] - ETA: 0s - loss: 0.8450 - mean_absolute_error: 0.8450 - mean_squared_error: 1.9405
 1800/12150 [===>..........................] - ETA: 0s - loss: 0.8249 - mean_absolute_error: 0.8249 - mean_squared_error: 1.7552
 2600/12150 [=====>........................] - ETA: 0s - loss: 0.8154 - mean_absolute_error: 0.8154 - mean_squared_error: 1.7828
 3400/12150 [=======>......................] - ETA: 0s - loss: 0.8080 - mean_absolute_error: 0.8080 - mean_squared_error: 1.6186
 4200/12150 [=========>....................] - ETA: 0s - loss: 0.8065 - mean_absolute_error: 0.8065 - mean_squared_error: 1.5895
 5000/12150 [===========>..................] - ETA: 0s - loss: 0.8006 - mean_absolute_error: 0.8006 - mean_squared_error: 1.5075
 5900/12150 [=============>................] - ETA: 0s - loss: 0.7983 - mean_absolute_error: 0.7983 - mean_squared_error: 1.5098
 6700/12150 [===============>..............] - ETA: 0s - loss: 0.7990 - mean_absolute_error: 0.7990 - mean_squared_error: 1.4648
 7600/12150 [=================>............] - ETA: 0s - loss: 0.7939 - mean_absolute_error: 0.7939 - mean_squared_error: 1.4580
 8500/12150 [===================>..........] - ETA: 0s - loss: 0.7862 - mean_absolute_error: 0.7862 - mean_squared_error: 1.4013
 9400/12150 [======================>.......] - ETA: 0s - loss: 0.7777 - mean_absolute_error: 0.7777 - mean_squared_error: 1.3592
10200/12150 [========================>.....] - ETA: 0s - loss: 0.7736 - mean_absolute_error: 0.7736 - mean_squared_error: 1.3309
11000/12150 [==========================>...] - ETA: 0s - loss: 0.7717 - mean_absolute_error: 0.7717 - mean_squared_error: 1.3147
11800/12150 [============================>.] - ETA: 0s - loss: 0.7690 - mean_absolute_error: 0.7690 - mean_squared_error: 1.2966
12150/12150 [==============================] - 1s 63us/step - loss: 0.7672 - mean_absolute_error: 0.7672 - mean_squared_error: 1.2821
Epoch 3/5

  100/12150 [..............................] - ETA: 0s - loss: 0.5729 - mean_absolute_error: 0.5729 - mean_squared_error: 0.5221
  900/12150 [=>............................] - ETA: 0s - loss: 0.6675 - mean_absolute_error: 0.6675 - mean_squared_error: 0.7755
 1700/12150 [===>..........................] - ETA: 0s - loss: 0.6875 - mean_absolute_error: 0.6875 - mean_squared_error: 0.8385
 2600/12150 [=====>........................] - ETA: 0s - loss: 0.6916 - mean_absolute_error: 0.6916 - mean_squared_error: 0.8398
 3500/12150 [=======>......................] - ETA: 0s - loss: 0.6977 - mean_absolute_error: 0.6977 - mean_squared_error: 0.8525
 4300/12150 [=========>....................] - ETA: 0s - loss: 0.7121 - mean_absolute_error: 0.7121 - mean_squared_error: 0.9115
 5100/12150 [===========>..................] - ETA: 0s - loss: 0.7313 - mean_absolute_error: 0.7313 - mean_squared_error: 0.9433
 6000/12150 [=============>................] - ETA: 0s - loss: 0.7426 - mean_absolute_error: 0.7426 - mean_squared_error: 0.9635
 6900/12150 [================>.............] - ETA: 0s - loss: 0.7495 - mean_absolute_error: 0.7495 - mean_squared_error: 0.9852
 7800/12150 [==================>...........] - ETA: 0s - loss: 0.7444 - mean_absolute_error: 0.7444 - mean_squared_error: 0.9675
 8700/12150 [====================>.........] - ETA: 0s - loss: 0.7358 - mean_absolute_error: 0.7358 - mean_squared_error: 0.9422
 9600/12150 [======================>.......] - ETA: 0s - loss: 0.7377 - mean_absolute_error: 0.7377 - mean_squared_error: 0.9523
10500/12150 [========================>.....] - ETA: 0s - loss: 0.7309 - mean_absolute_error: 0.7309 - mean_squared_error: 0.9417
11500/12150 [===========================>..] - ETA: 0s - loss: 0.7268 - mean_absolute_error: 0.7268 - mean_squared_error: 0.9300
12150/12150 [==============================] - 1s 61us/step - loss: 0.7220 - mean_absolute_error: 0.7220 - mean_squared_error: 0.9231
Epoch 4/5

  100/12150 [..............................] - ETA: 0s - loss: 0.6766 - mean_absolute_error: 0.6766 - mean_squared_error: 0.7109
 1000/12150 [=>............................] - ETA: 0s - loss: 0.6481 - mean_absolute_error: 0.6481 - mean_squared_error: 0.7251
 2000/12150 [===>..........................] - ETA: 0s - loss: 0.6589 - mean_absolute_error: 0.6589 - mean_squared_error: 0.8010
 3000/12150 [======>.......................] - ETA: 0s - loss: 0.6634 - mean_absolute_error: 0.6634 - mean_squared_error: 0.7897
 3900/12150 [========>.....................] - ETA: 0s - loss: 0.6655 - mean_absolute_error: 0.6655 - mean_squared_error: 0.7791
 4800/12150 [==========>...................] - ETA: 0s - loss: 0.6643 - mean_absolute_error: 0.6643 - mean_squared_error: 0.7851
 5700/12150 [=============>................] - ETA: 0s - loss: 0.6647 - mean_absolute_error: 0.6647 - mean_squared_error: 0.7785
 6600/12150 [===============>..............] - ETA: 0s - loss: 0.6601 - mean_absolute_error: 0.6601 - mean_squared_error: 0.7659
 7500/12150 [=================>............] - ETA: 0s - loss: 0.6576 - mean_absolute_error: 0.6576 - mean_squared_error: 0.7585
 8400/12150 [===================>..........] - ETA: 0s - loss: 0.6575 - mean_absolute_error: 0.6575 - mean_squared_error: 0.7587
 9300/12150 [=====================>........] - ETA: 0s - loss: 0.6566 - mean_absolute_error: 0.6566 - mean_squared_error: 0.7585
10200/12150 [========================>.....] - ETA: 0s - loss: 0.6529 - mean_absolute_error: 0.6529 - mean_squared_error: 0.7519
11100/12150 [==========================>...] - ETA: 0s - loss: 0.6509 - mean_absolute_error: 0.6509 - mean_squared_error: 0.7423
12000/12150 [============================>.] - ETA: 0s - loss: 0.6489 - mean_absolute_error: 0.6489 - mean_squared_error: 0.7380
12150/12150 [==============================] - 1s 57us/step - loss: 0.6484 - mean_absolute_error: 0.6484 - mean_squared_error: 0.7373
Epoch 5/5

  100/12150 [..............................] - ETA: 0s - loss: 0.7147 - mean_absolute_error: 0.7147 - mean_squared_error: 0.8193
 1000/12150 [=>............................] - ETA: 0s - loss: 0.6580 - mean_absolute_error: 0.6580 - mean_squared_error: 0.7466
 2000/12150 [===>..........................] - ETA: 0s - loss: 0.6344 - mean_absolute_error: 0.6344 - mean_squared_error: 0.7065
 2900/12150 [======>.......................] - ETA: 0s - loss: 0.6347 - mean_absolute_error: 0.6347 - mean_squared_error: 0.7131
 3900/12150 [========>.....................] - ETA: 0s - loss: 0.6256 - mean_absolute_error: 0.6256 - mean_squared_error: 0.6863
 4900/12150 [===========>..................] - ETA: 0s - loss: 0.6342 - mean_absolute_error: 0.6342 - mean_squared_error: 0.7308
 5900/12150 [=============>................] - ETA: 0s - loss: 0.6353 - mean_absolute_error: 0.6353 - mean_squared_error: 0.7224
 6800/12150 [===============>..............] - ETA: 0s - loss: 0.6371 - mean_absolute_error: 0.6371 - mean_squared_error: 0.7274
 7700/12150 [==================>...........] - ETA: 0s - loss: 0.6356 - mean_absolute_error: 0.6356 - mean_squared_error: 0.7263
 8600/12150 [====================>.........] - ETA: 0s - loss: 0.6345 - mean_absolute_error: 0.6345 - mean_squared_error: 0.7192
 9500/12150 [======================>.......] - ETA: 0s - loss: 0.6317 - mean_absolute_error: 0.6317 - mean_squared_error: 0.7148
10400/12150 [========================>.....] - ETA: 0s - loss: 0.6322 - mean_absolute_error: 0.6322 - mean_squared_error: 0.7124
11300/12150 [==========================>...] - ETA: 0s - loss: 0.6310 - mean_absolute_error: 0.6310 - mean_squared_error: 0.7084
12150/12150 [==============================] - 1s 56us/step - loss: 0.6330 - mean_absolute_error: 0.6330 - mean_squared_error: 0.7265
[array([[-6.48047728e-03, -3.88656333e-02, -1.00478977e-02,
        -5.62086294e-04,  7.02352524e-02,  1.40743842e-02,
         3.52179073e-02, -8.54048952e-02, -6.49785474e-02,
         6.48305938e-02, -7.85387754e-02, -3.85125093e-02,
         5.27429283e-02,  6.12177840e-03, -7.30828429e-03,
         6.76080883e-02,  3.78447883e-02,  4.16497774e-02,
         5.95988892e-02, -5.57759218e-02,  1.96518414e-02,
         1.91742163e-02,  7.47663248e-03,  4.24859896e-02,
        -3.45972739e-02, -4.81809452e-02, -1.00557171e-01,
         2.99950093e-02,  6.48945943e-02,  1.21325711e-02,
        -3.38012986e-02,  7.06693381e-02, -1.29970210e-02,
         4.47289087e-03,  5.71209863e-02, -2.10992396e-02,
        -7.57205114e-02, -5.38195334e-02, -2.54399814e-02,
        -7.75455907e-02, -4.69177291e-02, -1.96293928e-02,
        -2.22272612e-03, -1.89068844e-03, -3.51879373e-02,
        -9.21299681e-02,  9.32846311e-03,  9.17144958e-03,
         6.23835623e-02, -4.87346807e-03,  1.93404611e-02,
         1.96079500e-02,  1.87762436e-02, -5.39246984e-02,
        -1.75688905e-03, -4.14352864e-02,  2.82805692e-02,
         5.39582074e-02,  1.92802753e-02, -5.36505925e-03,
        -1.32970884e-02, -3.66234593e-02,  3.68013196e-02,
         4.30573486e-02,  8.53572879e-03, -3.08396760e-02,
        -4.47498113e-02, -1.29683921e-03,  5.45632504e-02,
        -6.39490932e-02,  4.78340611e-02,  1.97404753e-02,
        -6.22190498e-02, -1.43104196e-02,  3.72366309e-02,
        -8.79478976e-02,  3.13640721e-02, -6.10368745e-03,
        -1.05649801e-02,  7.98617117e-03,  6.73167184e-02,
         7.31999874e-02,  4.69269864e-02, -1.18978024e-01,
         2.81221867e-02, -5.05358577e-02, -9.83292907e-02,
        -1.67344194e-02, -9.96772349e-02, -7.52697140e-02,
         3.18442844e-02,  2.37031411e-02, -1.53429974e-02,
         7.35479742e-02, -3.87995467e-02, -2.80104876e-02,
         8.47624335e-03,  1.40469344e-02, -9.92688932e-04,
        -1.03879094e-01],
       [ 3.26342918e-02, -7.74924308e-02, -8.56345296e-02,
        -2.11750846e-02,  1.12719469e-01,  2.78687500e-03,
        -1.98072783e-04,  1.00050140e-02, -2.29034089e-02,
         2.63722576e-02,  2.07469743e-02, -4.24445188e-03,
        -6.81799799e-02,  5.11205271e-02,  4.43891436e-02,
        -3.63344662e-02,  1.31029366e-02,  6.50716154e-03,
         2.61416938e-02, -1.57416593e-02,  2.16272753e-02,
         8.94175246e-02, -5.67357929e-04,  4.26292084e-02,
         1.99440029e-02,  3.18130068e-02, -5.84348552e-02,
        -1.66096535e-04,  6.05262779e-02,  4.28389534e-02,
         6.96699042e-03, -9.65474844e-02, -9.46204271e-03,
        -1.54164126e-02,  5.34597598e-02, -1.32554385e-03,
         8.02334324e-02, -7.55124614e-02,  6.54200558e-03,
         8.70660320e-03,  3.67816873e-02, -3.33329588e-02,
         8.55527297e-02,  1.27715068e-02, -2.49280798e-04,
         8.87297734e-04, -5.25709763e-02,  9.19263139e-02,
        -1.23377956e-01,  4.88548018e-02, -7.11234957e-02,
         7.43776113e-02, -1.20180443e-01, -2.71719065e-03,
        -4.94541489e-02,  2.46362202e-03, -9.52474475e-02,
        -1.53613193e-02,  2.11452600e-02,  3.55464108e-02,
        -6.43166825e-02, -1.00323692e-01, -6.27260953e-02,
        -3.53339761e-02,  8.60588029e-02, -1.63149182e-02,
         1.82416365e-02, -8.11620727e-02, -3.20546292e-02,
         1.81479659e-02, -5.67836575e-02,  2.94576474e-02,
         3.06481477e-02,  3.14748213e-02, -5.95843382e-02,
         3.31527106e-02, -4.16207947e-02,  4.81069181e-03,
        -4.75189723e-02,  7.44261518e-02, -4.45567966e-02,
        -2.80529149e-02, -9.21238214e-02,  2.31491458e-02,
        -1.16164021e-01, -1.44688413e-02,  3.79263684e-02,
        -4.87044890e-04, -5.16338041e-03, -2.67799292e-02,
        -4.88672731e-03, -4.73771095e-02,  1.81152823e-03,
        -9.11440924e-02, -5.51555753e-02, -5.72342649e-02,
         4.33296077e-02,  1.04390206e-02,  5.02706170e-02,
        -4.14277650e-02],
       [-9.05837044e-02, -3.34929600e-02,  4.40184101e-02,
        -5.10826074e-02, -2.38733720e-02, -1.25313386e-01,
        -4.08314951e-02, -8.85296986e-03,  7.79528245e-02,
        -1.18686138e-02, -2.34180968e-02, -4.11465485e-03,
        -3.01002897e-02, -1.35425180e-01, -1.25958517e-01,
         7.05880895e-02,  6.51950762e-02,  6.39101565e-02,
         3.23333070e-02, -7.29402527e-02,  5.54803088e-02,
        -7.61373341e-03,  2.28726622e-02,  3.77668515e-02,
         6.60183355e-02, -2.81217489e-02,  2.28173584e-02,
         1.71118733e-02, -3.34541686e-02,  2.84887832e-02,
         1.92930959e-02,  6.35533407e-02, -3.32221799e-02,
        -7.31042549e-02, -1.64989661e-02,  4.99165133e-02,
        -4.33803769e-03,  1.61879100e-02, -3.95356864e-02,
         1.57706048e-02,  2.83227004e-02, -6.17452264e-02,
        -2.94661410e-02, -2.26125829e-02, -2.43573170e-02,
         1.99274160e-02, -3.20997764e-03, -6.89125881e-02,
        -9.39652920e-02,  5.22642545e-02, -5.08955028e-03,
         2.09326744e-02, -1.09715611e-02,  6.07057624e-02,
         3.33144106e-02, -7.57983997e-02,  1.37075558e-02,
        -1.28879055e-01,  8.10657069e-02,  7.36736581e-02,
        -9.48174670e-02, -1.80897955e-02,  2.30664704e-02,
         4.57768282e-03, -5.27919345e-02,  7.68666342e-02,
         1.57607701e-02,  4.78505976e-02,  9.22913179e-02,
         1.04236137e-02,  7.72337094e-02,  1.73479635e-02,
         2.48525441e-02,  5.41288331e-02, -1.88973565e-02,
        -1.59917157e-02,  2.23359708e-02,  6.66632801e-02,
         4.52736504e-02, -3.23448866e-03, -5.93998507e-02,
         4.09089290e-02,  4.32585180e-02, -2.92440802e-02,
         3.34622152e-02, -1.79638416e-01, -5.01902699e-02,
        -5.24464436e-03,  1.59601513e-02, -9.66031179e-02,
         6.16499372e-02, -4.99273613e-02, -2.55238116e-02,
         9.20908973e-02,  1.01235947e-02, -8.68141092e-03,
         1.17316172e-02,  2.75221001e-02,  6.38400316e-02,
         1.32254452e-01],
       [-3.87487351e-03, -1.87253170e-02,  7.69371912e-03,
        -1.69452671e-02,  6.21508360e-02,  8.47400501e-02,
        -2.28363853e-02,  2.94120070e-02,  1.37114031e-02,
        -7.16853247e-04, -4.15994301e-02, -6.24475293e-02,
        -7.65163079e-02, -7.40339160e-02, -8.19143876e-02,
         8.27242713e-03, -5.57837589e-03, -6.78828880e-02,
         3.53201665e-02,  5.08131087e-02, -4.56123240e-03,
         1.44160613e-01, -3.62778723e-04, -2.43983828e-02,
        -7.10149109e-02,  9.34731886e-02, -2.61598974e-02,
         5.62712364e-02, -1.52540896e-02,  4.76359688e-02,
         3.15777934e-03, -8.01547095e-02,  1.16938744e-02,
        -1.28810242e-01, -3.02856485e-03,  4.22318541e-02,
         1.32859917e-02,  1.21932058e-02,  1.62795391e-02,
        -4.11286168e-02, -9.55339074e-02, -8.00722372e-03,
        -1.20882489e-01, -6.74796710e-03,  6.69340417e-02,
         3.05730533e-02, -3.38676531e-04, -7.31593464e-03,
        -8.83960724e-02,  6.24353113e-03, -5.90903759e-02,
         3.15956213e-02,  1.07949153e-01, -2.38749180e-02,
         9.59574245e-03, -3.34977582e-02,  4.74289246e-03,
        -4.37327512e-02,  6.22618906e-02,  1.03508830e-01,
        -1.66290477e-02,  3.16945426e-02, -2.44407589e-03,
        -1.60382464e-04,  3.72928940e-02,  1.13798138e-02,
        -3.76872569e-02, -1.58113912e-02,  4.61701676e-03,
         6.13252632e-02,  1.43592646e-02, -6.74855476e-03,
        -5.67816980e-02,  1.11738304e-02, -3.87662537e-02,
         3.71009548e-04, -9.70720351e-02,  7.84246344e-03,
         5.90733849e-02, -3.97767574e-02,  5.06239049e-02,
         8.69642105e-03,  6.60917088e-02,  1.35363685e-02,
         6.48175105e-02, -8.63042325e-02, -1.14078587e-02,
        -1.99886616e-02,  8.82592946e-02,  1.91028721e-05,
         6.98336065e-02,  2.11956184e-02, -3.97933535e-02,
         7.36323521e-02, -2.93744262e-02, -7.13757053e-02,
        -1.40889948e-02,  1.46614835e-02, -1.34595903e-02,
         2.98755262e-02],
       [-2.06036773e-02,  5.92747703e-02,  2.94053438e-03,
         3.61520015e-02, -4.21213917e-02,  5.62759303e-02,
        -2.67901621e-03, -3.12302355e-02,  3.12336478e-02,
         2.14168895e-02,  2.33857054e-02, -6.41408656e-03,
        -3.58937867e-02, -1.88758429e-02, -2.12791618e-02,
        -6.11116886e-02, -1.00602955e-02, -1.46734966e-02,
        -2.47513540e-02,  8.34014453e-03,  1.38275577e-02,
         1.70377400e-02,  4.99608628e-02, -2.02268157e-02,
         3.32168415e-02, -4.24512252e-02,  1.59499422e-02,
         9.45736170e-02, -2.41517462e-02,  2.75158118e-02,
        -3.63444127e-02, -6.38152584e-02, -5.11232503e-02,
         3.98105755e-03, -2.13202424e-02,  6.07421100e-02,
        -1.08254207e-02,  2.58441214e-02,  2.63169855e-02,
         6.10995963e-02, -3.83185036e-02, -6.80060014e-02,
         1.67384818e-02, -2.98874658e-02, -8.08561407e-03,
         4.92584966e-02,  1.44396005e-02, -2.95030396e-03,
        -1.03136552e-02,  1.21280802e-02, -2.29779035e-02,
        -2.00819666e-03, -1.30676795e-02,  3.22433375e-02,
        -4.40703854e-02,  2.81443503e-02,  6.72047958e-02,
         5.68715520e-02,  1.88258234e-02,  1.26910927e-02,
         1.65551435e-02,  3.56065342e-03,  3.16099040e-02,
        -2.36564241e-02, -1.59037765e-02, -6.56892359e-02,
        -4.43939641e-02, -3.51903327e-02,  3.65728186e-03,
         4.26970655e-03,  1.92826893e-02,  8.34232718e-02,
         1.93198901e-02,  7.92046711e-02,  1.12722591e-01,
         5.93488694e-05, -5.70201762e-02, -3.27491723e-02,
         1.66203324e-02,  7.94482082e-02,  9.34446347e-04,
        -5.53632751e-02, -4.79766950e-02, -1.46725625e-02,
        -7.47051165e-02,  3.09720226e-02, -4.22164239e-02,
        -1.00328412e-03, -4.00526486e-02,  8.15497413e-02,
         2.75982264e-02, -3.73686701e-02, -1.45998839e-02,
        -3.82440947e-02,  1.37363737e-02, -3.34961452e-02,
        -3.13800760e-02, -1.34243771e-01,  5.00487350e-02,
        -2.95039117e-02],
       [ 1.68952998e-02,  5.02717905e-02, -3.92495096e-02,
        -1.07036866e-02, -1.96976997e-02,  4.83585708e-02,
         4.61538620e-02,  6.19961917e-02, -5.65945320e-02,
         4.43617478e-02, -2.63570044e-02, -1.25811771e-02,
         3.78545001e-03, -5.72511442e-02, -1.47206491e-04,
         3.55510898e-02,  3.70771391e-04,  1.61883365e-02,
        -1.87104978e-02,  8.02633539e-02,  9.69230980e-02,
        -1.26943097e-01,  4.01812904e-02,  1.57185458e-02,
         3.66823487e-02,  4.25514504e-02, -1.00865141e-01,
        -4.33035605e-02, -1.23074371e-02, -1.21853100e-02,
         4.47663628e-02,  3.84589843e-02, -2.69273371e-02,
         2.41324771e-02, -1.12605409e-03,  2.87864208e-02,
        -6.11883663e-02, -3.59185711e-02,  4.16815542e-02,
        -9.14644524e-02, -7.23378127e-03,  5.19018015e-03,
         5.73442839e-02, -1.38935959e-02, -5.58529496e-02,
         1.32057415e-02,  1.58473831e-02, -5.23283379e-03,
        -2.98597962e-02,  6.82488158e-02, -1.19862370e-01,
         4.25665788e-02, -4.34047775e-04,  1.97552629e-02,
         4.49428670e-02,  4.45463369e-03,  2.57263612e-02,
        -7.74579644e-02, -8.75671394e-03,  9.65208411e-02,
         3.96788493e-02,  7.49867633e-02,  2.92486306e-02,
        -1.48128113e-02, -4.66779619e-02, -2.69119386e-02,
        -4.88446020e-02, -5.99477068e-02, -1.97092467e-03,
        -3.30938920e-02,  7.32813999e-02, -9.84046701e-03,
         4.09304313e-02, -1.87812783e-02, -1.25607595e-01,
        -7.82598630e-02, -4.85149436e-02,  3.72218341e-02,
         5.17328866e-02,  8.76718536e-02, -5.38106039e-02,
         4.68196347e-02,  2.35850718e-02,  7.94450101e-03,
        -6.70978939e-03, -3.66933458e-02,  3.63344932e-03,
        -4.65653613e-02, -1.52404653e-02, -4.31035012e-02,
         7.06043541e-02,  5.25707863e-02,  3.63143943e-02,
        -1.54919727e-02, -4.06859629e-03, -2.89798919e-02,
         9.84675065e-03, -3.93944420e-02, -3.87900807e-02,
         5.15915118e-02],
       [-4.94095497e-03, -2.86280252e-02,  1.51846949e-02,
        -1.05057722e-02,  4.53631394e-02, -4.20283107e-03,
         4.29451093e-03,  6.27928749e-02,  2.02124547e-02,
        -4.56565432e-02,  6.94254190e-02,  1.33247776e-02,
        -8.14285055e-02, -3.02476771e-02, -4.18280205e-03,
         1.72238704e-02,  7.55857443e-03, -2.56562838e-03,
        -2.35653743e-02, -8.38744864e-02, -6.81780232e-03,
        -3.45985927e-02, -5.97737841e-02,  4.11058068e-02,
        -2.76858117e-02,  6.07374981e-02, -8.14242009e-03,
         9.42721292e-02, -2.32553203e-02,  2.25023343e-03,
         6.93383161e-03, -2.31965557e-02, -2.22086385e-02,
         2.86098123e-02,  8.29493329e-02, -2.71612173e-03,
         3.36581208e-02, -1.05969109e-01, -6.64287433e-02,
         8.14467482e-03, -3.20611708e-02,  1.97316497e-03,
        -2.81029940e-02, -3.09777688e-02, -1.65147260e-02,
         7.80824199e-02,  1.73140094e-02,  7.54270777e-02,
         4.55716848e-02,  2.22476455e-03, -3.56527194e-02,
         7.82839283e-02,  6.74905479e-02,  3.76466252e-02,
        -1.01401368e-02, -4.77982461e-02, -6.20459160e-03,
        -7.56149460e-03, -3.27588767e-02, -9.94380191e-02,
         5.46015315e-02, -2.88080832e-04,  2.76218653e-02,
        -2.29422431e-02,  7.81766232e-03,  1.35891726e-02,
        -1.03670888e-01, -4.95534688e-02,  3.27397287e-02,
        -8.90560076e-02, -6.91362247e-02, -5.08033596e-02,
         3.75913642e-02,  1.22558279e-02,  3.08899228e-02,
         3.33537385e-02,  8.45360160e-02,  5.13009392e-02,
         1.83266960e-02, -3.61675434e-02, -1.20336130e-01,
         1.23490673e-02, -1.90427694e-02,  3.07902577e-03,
        -8.44168197e-03, -1.66832153e-02,  2.82152300e-03,
         3.20815109e-03, -1.32031441e-02, -5.96957002e-03,
        -7.70625565e-03, -5.00600301e-02, -1.10974252e-01,
        -5.15391007e-02, -7.19735771e-02,  2.89933961e-02,
         7.00824633e-02,  1.17278313e-02, -3.10135782e-02,
         6.78124502e-02],
       [ 7.81926699e-03, -4.06506769e-02,  1.34272352e-02,
        -2.32925620e-02,  1.28980251e-02, -1.76887736e-02,
         4.51165102e-02, -1.18312649e-02, -5.45892529e-02,
        -3.71473213e-03,  4.62172786e-03, -3.99444699e-02,
        -4.94219288e-02,  4.04909961e-02, -8.29812661e-02,
        -1.83563381e-02,  1.76918954e-02, -5.39892204e-02,
        -3.36314216e-02, -5.79272099e-02,  5.96868470e-02,
        -3.34940292e-02, -1.96195524e-02, -4.46899645e-02,
         3.99565510e-02,  4.10848111e-02, -1.05437366e-02,
         1.07832039e-02, -6.21304996e-02,  1.50845563e-02,
        -1.56926773e-02, -6.10536821e-02,  1.21908262e-01,
         1.72137748e-02, -9.85697284e-03, -1.80277284e-02,
        -5.63639365e-02,  3.18547315e-03, -3.20343971e-02,
         1.42381517e-02, -1.11722143e-03, -2.65515782e-02,
        -2.34001577e-02,  2.51357909e-02,  2.08134446e-02,
        -2.07581110e-02,  7.44564459e-03,  9.35882628e-02,
         1.01745240e-01, -2.02399120e-03, -1.80168785e-02,
         2.72010658e-02,  6.12238310e-02, -4.56084535e-02,
        -1.24942437e-02,  7.20681995e-02,  4.09601554e-02,
        -1.57815721e-02,  5.17224669e-02,  8.90639424e-02,
        -2.16375422e-02,  7.96688050e-02,  3.15077156e-02,
         9.80061200e-03,  1.37352068e-02,  6.86922297e-02,
        -1.68479921e-03,  4.37045693e-02, -2.40459740e-02,
        -6.99847713e-02,  7.71898553e-02, -1.76487938e-02,
        -3.19834873e-02, -2.51689591e-02, -2.28628013e-02,
        -7.12206811e-02, -2.46458384e-03, -6.91787824e-02,
         1.90503232e-03,  4.29010727e-02,  4.52534221e-02,
         6.85653824e-04,  3.19139697e-02,  3.73953395e-02,
        -1.17962703e-03, -1.84549708e-02,  2.61003859e-02,
         9.41088703e-03, -1.72554459e-02,  9.80867967e-02,
         4.34312038e-02, -1.03915788e-01, -2.12549269e-02,
         9.80465338e-02,  1.47223612e-03,  8.23116824e-02,
         7.99420252e-02,  6.19551428e-02,  4.79885861e-02,
         4.03392576e-02],
       [ 4.09772471e-02,  1.00790970e-01,  4.23363224e-02,
         1.87523253e-02, -7.44137391e-02, -2.56604981e-02,
        -2.50504296e-02,  7.59536168e-03, -2.27763336e-02,
        -2.22817566e-02,  7.32092783e-02,  1.09295174e-02,
         4.34883386e-02, -5.64896278e-02,  4.23479713e-02,
         2.80948039e-02, -4.78529418e-03, -5.12115750e-03,
         4.21606302e-02,  2.49189511e-02, -4.06569503e-02,
         2.02924162e-02,  8.12898949e-02, -6.58966526e-02,
        -4.16106246e-02, -3.21218483e-02,  4.47553694e-02,
         2.92851757e-02, -3.57809030e-02,  4.55165878e-02,
        -8.40370636e-03, -5.51135540e-02, -3.84416878e-02,
        -3.88071244e-03,  1.57198206e-01, -1.01599470e-01,
         1.95219573e-02,  2.05170717e-02, -6.83175698e-02,
         1.23654827e-02, -5.96681610e-02,  3.48323472e-02,
        -8.87821801e-03,  5.07057384e-02,  1.78447571e-02,
         3.56102223e-03,  3.04533876e-02,  5.70056029e-02,
        -5.83774112e-02,  1.94547530e-02, -9.56737157e-03,
        -3.43039073e-02,  7.21552297e-02,  8.13769177e-02,
         4.02710661e-02,  2.92988550e-02,  8.98035392e-02,
         6.46079108e-02,  9.60547570e-03, -2.02103239e-02,
         2.25267969e-02,  7.91342184e-02, -4.77227475e-03,
        -5.49557917e-02,  4.02265750e-02, -6.41384125e-02,
        -1.42710824e-02, -2.27620658e-02,  9.93358530e-03,
        -1.21203344e-02, -4.25965264e-02, -8.54982343e-03,
         6.56284718e-03,  4.08711582e-02,  4.43376899e-02,
         5.02303727e-02, -4.73730415e-02,  4.26399633e-02,
        -3.12600322e-02, -1.09402370e-02,  5.41855097e-02,
        -1.26980348e-02, -5.38447499e-02,  7.97542259e-02,
        -4.20193113e-02, -3.28524858e-02, -3.64007801e-02,
        -3.62222008e-02,  3.76793593e-02,  3.38270776e-02,
         1.13066938e-02, -2.81139854e-02, -3.27616781e-02,
        -4.38468531e-03, -7.29012787e-02, -6.14284910e-03,
         1.27837762e-01, -1.82506051e-02, -6.32086247e-02,
         1.67375039e-02]], dtype=float32), array([0., 0., 0., 0., 0., 0., 0., 0., 0., 0., 0., 0., 0., 0., 0., 0., 0.,
       0., 0., 0., 0., 0., 0., 0., 0., 0., 0., 0., 0., 0., 0., 0., 0., 0.,
       0., 0., 0., 0., 0., 0., 0., 0., 0., 0., 0., 0., 0., 0., 0., 0., 0.,
       0., 0., 0., 0., 0., 0., 0., 0., 0., 0., 0., 0., 0., 0., 0., 0., 0.,
       0., 0., 0., 0., 0., 0., 0., 0., 0., 0., 0., 0., 0., 0., 0., 0., 0.,
       0., 0., 0., 0., 0., 0., 0., 0., 0., 0., 0., 0., 0., 0., 0.],
      dtype=float32), array([[-0.01227887, -0.02830902,  0.00202748, ..., -0.04856579,
         0.0259016 ,  0.08662632],
       [-0.05219739, -0.04806966,  0.05709933, ..., -0.04158037,
        -0.05777081, -0.02061028],
       [ 0.04152587,  0.00021359, -0.02393239, ..., -0.05657596,
        -0.01352941, -0.03259671],
       ...,
       [ 0.00214999,  0.06406518, -0.03096044, ..., -0.03963364,
        -0.0529672 , -0.01368814],
       [ 0.04566919, -0.03329055, -0.02066466, ...,  0.01679377,
        -0.08594077, -0.00445401],
       [ 0.02580847,  0.01335516, -0.02681984, ...,  0.03684573,
        -0.02718213,  0.05476831]], dtype=float32), array([0., 0., 0., 0., 0., 0., 0., 0., 0., 0., 0., 0., 0., 0., 0., 0., 0.,
       0., 0., 0., 0., 0., 0., 0., 0., 0., 0., 0., 0., 0., 0., 0., 0., 0.,
       0., 0., 0., 0., 0., 0., 0., 0., 0., 0., 0., 0., 0., 0., 0., 0., 0.,
       0., 0., 0., 0., 0., 0., 0., 0., 0., 0., 0., 0., 0., 0., 0., 0., 0.,
       0., 0., 0., 0., 0., 0., 0., 0., 0., 0., 0., 0., 0., 0., 0., 0., 0.,
       0., 0., 0., 0., 0., 0., 0., 0., 0., 0., 0., 0., 0., 0., 0.],
      dtype=float32), array([[-0.04212628,  0.06782775,  0.07147411, ..., -0.01701111,
        -0.0263479 ,  0.01791686],
       [ 0.01334662, -0.01033062,  0.05749258, ...,  0.04041347,
        -0.04114444,  0.00887735],
       [-0.01475683, -0.0131182 ,  0.09599774, ..., -0.02301271,
         0.0765693 , -0.06297798],
       ...,
       [-0.03453158, -0.02301152,  0.01805356, ..., -0.06147322,
         0.00094803,  0.03435643],
       [ 0.0022951 ,  0.04165847, -0.02882514, ...,  0.00492256,
        -0.04664863,  0.06659185],
       [ 0.0713653 , -0.07098453,  0.01029974, ..., -0.04110602,
        -0.01461872,  0.03707429]], dtype=float32), array([0., 0., 0., 0., 0., 0., 0., 0., 0., 0., 0., 0., 0., 0., 0., 0., 0.,
       0., 0., 0., 0., 0., 0., 0., 0., 0., 0., 0., 0., 0., 0., 0., 0., 0.,
       0., 0., 0., 0., 0., 0., 0., 0., 0., 0., 0., 0., 0., 0., 0., 0., 0.,
       0., 0., 0., 0., 0., 0., 0., 0., 0., 0., 0., 0., 0., 0., 0., 0., 0.,
       0., 0., 0., 0., 0., 0., 0., 0., 0., 0., 0., 0., 0., 0., 0., 0., 0.,
       0., 0., 0., 0., 0., 0., 0., 0., 0., 0., 0., 0., 0., 0., 0., 0., 0.,
       0., 0., 0., 0., 0., 0., 0., 0., 0., 0., 0., 0., 0., 0., 0., 0., 0.,
       0., 0., 0., 0., 0., 0., 0., 0., 0., 0., 0., 0., 0., 0., 0., 0., 0.,
       0., 0., 0., 0., 0., 0., 0., 0., 0., 0., 0., 0., 0., 0.],
      dtype=float32), array([[ 0.10976084,  0.01045848, -0.0074423 , ...,  0.0073061 ,
         0.04086551, -0.0068173 ],
       [ 0.04930786,  0.06216586,  0.06310202, ...,  0.09711461,
         0.04518616, -0.02293256],
       [-0.11301649,  0.09429418, -0.05355772, ...,  0.01671254,
        -0.0467407 ,  0.00569654],
       ...,
       [-0.0379726 , -0.10970592,  0.00177925, ...,  0.06720028,
        -0.01816398, -0.10526651],
       [-0.02660338,  0.02150695, -0.06181125, ...,  0.04371124,
         0.02065175, -0.00371168],
       [-0.03206804, -0.04475379,  0.00683187, ..., -0.04939384,
         0.00866557, -0.02184941]], dtype=float32), array([0., 0., 0., 0., 0., 0., 0., 0., 0., 0., 0., 0., 0., 0., 0., 0., 0.,
       0., 0., 0., 0., 0., 0., 0., 0., 0., 0., 0., 0., 0., 0., 0., 0., 0.,
       0., 0., 0., 0., 0., 0., 0., 0., 0., 0., 0., 0., 0., 0., 0., 0., 0.,
       0., 0., 0., 0., 0., 0., 0., 0., 0., 0., 0., 0., 0., 0., 0., 0., 0.,
       0., 0., 0., 0., 0., 0., 0., 0., 0., 0., 0., 0., 0., 0., 0., 0., 0.,
       0., 0., 0., 0., 0., 0., 0., 0., 0., 0., 0., 0., 0., 0., 0.],
      dtype=float32), array([[-1.93859767e-02,  3.92969511e-02, -6.25936687e-03,
         1.89795308e-02,  3.52984667e-02,  1.94801148e-02,
         6.42862394e-02,  5.75027466e-02, -5.81467114e-02],
       [ 6.67623952e-02,  1.77031234e-02, -1.10553100e-03,
        -1.74720753e-02, -3.86989154e-02, -2.69869175e-02,
         3.99373472e-04,  4.91427667e-02,  2.91527659e-02],
       [-3.56338248e-02,  4.19989750e-02,  3.94121185e-02,
         4.48571108e-02, -2.56822854e-02,  1.20063927e-02,
        -1.55902253e-02,  2.91347206e-02,  1.55168325e-02],
       [-9.30847302e-02,  4.45067091e-03, -3.21925990e-02,
         1.08277299e-01,  3.76420133e-02,  3.82544547e-02,
        -6.30374402e-02, -3.79074924e-02,  1.18689006e-02],
       [-1.47861084e-02,  5.07928692e-02, -2.09848117e-02,
        -3.24838497e-02, -4.58201952e-02,  1.32378759e-02,
         6.58599660e-02,  3.46112587e-02,  2.35457700e-02],
       [ 2.06006896e-02, -3.98610048e-02,  2.70652454e-02,
         5.78831732e-02, -2.58949585e-02, -8.13624859e-02,
         3.14496718e-02,  7.45657310e-02, -7.67699955e-03],
       [ 5.50312363e-02, -3.13440450e-02,  2.13070270e-02,
         3.40118934e-03,  5.12476079e-02,  1.54510243e-02,
         7.61086717e-02, -6.54972643e-02, -6.30906448e-02],
       [ 1.25391027e-02,  2.92434581e-02, -4.64909635e-02,
        -5.59595227e-02,  9.81184617e-02,  6.72090147e-03,
        -3.90225537e-02, -2.33232882e-02, -9.77812335e-02],
       [-5.82408719e-02, -3.13742235e-02,  1.09980009e-01,
         3.89673002e-03, -4.22840230e-02, -5.50543144e-02,
        -9.49436426e-03, -3.73385637e-03, -1.40766529e-02],
       [ 3.70066129e-02,  4.43436503e-02, -6.06925152e-02,
         3.78762744e-02, -6.06474541e-02, -6.43603727e-02,
         1.01046078e-01,  1.29183279e-02, -7.17246756e-02],
       [ 6.72104582e-02, -1.21170211e-04, -1.33323953e-01,
        -2.03539245e-02, -7.37794116e-02, -4.49528359e-03,
        -1.38377221e-02, -3.45587693e-02, -8.19842443e-02],
       [-8.00791159e-02,  3.59359272e-02, -1.97432637e-02,
        -9.31194052e-03, -2.87270788e-02, -7.04904869e-02,
        -6.20686486e-02,  3.46620497e-03, -1.99064706e-02],
       [-2.89950948e-02, -2.93066744e-02,  7.95347150e-03,
        -4.64413986e-02,  1.26886992e-02,  7.79548800e-03,
        -4.82529914e-03,  1.62168965e-02, -7.91269466e-02],
       [-1.11666005e-02, -7.84845650e-02,  5.39462343e-02,
         4.58448641e-02, -1.06389700e-02, -6.86105043e-02,
         1.57555495e-03,  2.23123655e-02, -2.76922565e-02],
       [-3.09491139e-02,  4.63180915e-02, -8.87297243e-02,
         9.68397036e-03, -5.36455587e-02, -8.66942704e-02,
         7.90139381e-03, -3.70298214e-02,  7.15491399e-02],
       [-7.65135959e-02,  3.07000875e-02,  4.70685512e-02,
        -5.48127480e-02, -7.32091069e-02,  3.63632254e-02,
         2.74020620e-02, -1.19250193e-02,  2.81805266e-03],
       [-2.48494949e-02, -5.02305739e-02,  9.59286094e-03,
         1.28133371e-02,  1.00925222e-01, -7.91100040e-03,
        -3.48140858e-02,  1.39686407e-03, -9.73717049e-02],
       [ 3.54927741e-02, -3.99885001e-03, -3.42356414e-02,
        -4.98295343e-03, -8.06388631e-02,  9.05981660e-03,
        -5.21151628e-03,  6.52777702e-02, -5.44458702e-02],
       [-1.46269742e-02, -3.66291441e-02, -3.07113286e-02,
        -2.78948490e-02,  1.02688603e-01,  7.76485503e-02,
        -8.83676559e-02, -4.27484401e-02, -6.13577850e-02],
       [-2.70394478e-02, -1.38007626e-01, -2.29551531e-02,
        -5.01149856e-02, -4.41226885e-02, -4.29077679e-03,
        -5.21896370e-02, -3.87855507e-02,  8.30205455e-02],
       [ 8.80203620e-02,  1.86072569e-02,  2.93514645e-03,
        -8.97429585e-02, -3.49584110e-02, -3.20870094e-02,
        -7.80402697e-05,  4.66854796e-02,  5.93020022e-02],
       [ 1.02164045e-01,  2.56363899e-02, -3.63953672e-02,
        -7.31915236e-02,  8.90565850e-03, -3.99163216e-02,
         2.17421260e-02,  1.18262805e-01, -1.17859868e-02],
       [ 5.07611819e-02, -1.93775278e-02,  4.37393747e-02,
        -1.23635260e-02,  2.70078965e-02, -5.94540425e-02,
         6.05932064e-02,  9.28517710e-03,  3.62875871e-02],
       [ 9.66252312e-02, -5.25662601e-02,  4.75442549e-03,
         1.42652458e-02, -6.51068836e-02, -1.57490112e-02,
        -1.05756503e-02, -8.93614143e-02, -9.37863719e-03],
       [-1.51219936e-02, -2.04717927e-02, -9.03153941e-02,
         2.09802408e-02,  7.43812621e-02, -1.54213561e-02,
        -2.27691364e-02, -1.65370498e-02,  6.54619113e-02],
       [ 3.28426696e-02,  1.68706663e-02,  4.55404744e-02,
         2.17426177e-02,  3.93292122e-02, -6.45066947e-02,
         1.57193914e-02,  8.91150981e-02, -3.33143063e-02],
       [-1.97622906e-02, -6.64795041e-02,  5.61592095e-02,
        -4.04038792e-03,  4.89886757e-03, -3.65215987e-02,
         3.60539816e-02,  7.41214529e-02,  2.97028068e-02],
       [ 9.12417322e-02,  3.85888629e-02,  4.74472679e-02,
         3.39418873e-02, -9.88003239e-02,  2.91113439e-03,
        -3.43475491e-02,  3.59437875e-02, -4.68955263e-02],
       [-1.09552525e-01, -6.98397607e-02,  1.17617846e-02,
         1.16729818e-01, -2.97347251e-02, -2.11029965e-02,
         1.19831242e-01,  2.96564307e-02, -1.06520571e-01],
       [-1.98766425e-01,  6.45054504e-02,  7.17724068e-03,
         2.46791113e-02,  2.49564257e-02, -5.35697304e-03,
        -4.46760058e-02, -1.39044179e-02, -7.04020634e-02],
       [ 3.91187742e-02,  1.02850795e-02, -2.61587389e-02,
         2.31816471e-02,  9.49257016e-02, -8.61161854e-03,
        -1.09601067e-02,  5.74077740e-02,  6.45888522e-02],
       [-1.01635167e-02, -2.12910809e-02,  5.96910976e-02,
         9.66347940e-03,  1.92490574e-02, -1.60829984e-02,
        -2.46317219e-02,  1.86661463e-02,  3.71643268e-02],
       [-3.09333000e-02,  2.81972922e-02, -4.85733189e-02,
         2.75938753e-02, -3.02941296e-02,  1.44185405e-03,
         1.01787681e-02,  5.48293479e-02, -3.21222991e-02],
       [-4.18702029e-02,  3.00183240e-02, -5.11592291e-02,
        -1.21614926e-01,  1.49131035e-02,  1.02514602e-01,
         1.04588985e-01, -7.39307329e-03, -5.56977056e-02],
       [ 7.24908635e-02,  6.62888438e-02, -5.19123673e-02,
         8.42579547e-03, -8.01701099e-02, -9.84013379e-02,
        -1.80415716e-02, -8.86392221e-02,  3.19643579e-02],
       [-3.89690846e-02, -4.23287563e-02,  7.05459639e-02,
         5.67594171e-02,  1.41675323e-02,  1.40583068e-02,
         8.83300975e-03, -4.56868187e-02, -1.51712326e-02],
       [-1.30342349e-01,  4.88030612e-02, -1.80966388e-02,
        -5.44528477e-03, -8.91444609e-02, -2.20722076e-03,
         4.93280776e-02,  5.45949414e-02, -3.90297850e-03],
       [ 1.44227101e-02,  3.29713225e-02,  5.82628511e-02,
        -3.30524556e-02, -2.24144291e-02, -6.84503391e-02,
        -9.62755606e-02, -1.18888065e-03,  1.36427945e-02],
       [-1.65495239e-02, -3.53520773e-02,  1.32338721e-02,
        -4.04538475e-02, -1.22107841e-01,  2.85891481e-02,
        -2.83214487e-02, -7.19679445e-02, -9.67734382e-02],
       [ 3.86962742e-02, -8.78458917e-02, -3.88694331e-02,
         8.85657817e-02, -3.79714184e-02, -1.00152984e-01,
         9.44248401e-03, -8.28169193e-03, -4.80111837e-02],
       [-1.52272675e-02,  3.05232313e-02,  7.42860734e-02,
         6.29400834e-02, -6.71503171e-02, -3.68313193e-02,
        -2.68194471e-02, -1.08473254e-02, -3.91168818e-02],
       [ 5.11905663e-02,  9.15233418e-02,  3.57775539e-02,
         1.90748181e-02, -8.61302298e-03, -6.95057660e-02,
         2.41278168e-02,  3.77337895e-02,  1.49584208e-02],
       [-4.02164385e-02, -5.49731664e-02, -1.11044059e-02,
         1.56141641e-02,  5.71587160e-02, -5.84997237e-02,
        -3.49746160e-02, -1.22086577e-01,  2.38175970e-02],
       [-2.24326458e-02, -6.16936684e-02, -3.98484133e-02,
         1.57183781e-02, -2.13760380e-02, -4.81794998e-02,
         9.35734343e-03,  5.85883530e-03, -2.58182418e-02],
       [-7.21921623e-02,  1.51844943e-04, -4.15095594e-03,
        -2.17204913e-02, -7.04064965e-02,  5.78869954e-02,
         1.83580574e-02, -1.61985699e-02, -3.21987434e-03],
       [-9.53974053e-02,  1.01662707e-02,  8.10587928e-02,
         1.79826263e-02,  6.69074282e-02,  8.59136656e-02,
         1.08071929e-02,  2.92143859e-02, -8.76931921e-02],
       [ 9.94694158e-02, -6.91066682e-02,  2.81685293e-02,
        -2.48048622e-02, -8.27365089e-03, -3.28273885e-02,
         2.02308758e-03,  4.01469469e-02,  6.39961883e-02],
       [ 9.22745690e-02,  3.62050049e-02, -2.26023234e-02,
         4.88414876e-02,  5.67318499e-02, -3.83803956e-02,
        -3.72738019e-02,  8.70065205e-03,  4.46411036e-02],
       [-8.59733522e-02, -5.21315001e-02, -3.40409018e-02,
        -3.18220854e-02, -1.89114083e-02, -5.36213033e-02,
         2.34806966e-02, -8.75284374e-02, -4.46892940e-02],
       [-5.95479719e-02, -8.89713038e-03,  2.78529391e-04,
        -8.52258056e-02,  6.22123899e-03,  5.59631176e-02,
         6.74917996e-02,  5.65856807e-02, -5.86521393e-03],
       [ 2.99266167e-02,  3.20442915e-02, -3.10913324e-02,
         9.67607927e-03, -5.05560525e-02, -6.15249574e-02,
        -1.00069694e-01, -1.82938278e-02,  6.35067001e-03],
       [ 3.68815027e-02, -4.89073843e-02, -1.57798249e-02,
         7.34966919e-02,  6.17678743e-04,  1.98357906e-02,
         8.84278938e-02, -1.73143633e-02, -6.60233423e-02],
       [ 1.51052758e-01,  9.56158489e-02,  3.38306427e-02,
         4.12717760e-02,  6.83556497e-02,  7.95830786e-03,
        -6.23882785e-02, -3.12840939e-03, -2.46775355e-02],
       [-5.66489715e-03, -3.74250673e-02,  7.20788315e-02,
         1.51861145e-03,  4.71596457e-02, -2.77932491e-02,
        -4.63419706e-02, -9.03854147e-02,  2.80108452e-02],
       [ 1.30454998e-03,  6.44888496e-03, -1.06551042e-02,
         8.56985524e-02, -2.55616251e-02, -1.43499017e-01,
        -4.91312928e-02,  3.91120370e-03,  1.06754079e-02],
       [-1.64538920e-02,  6.22843485e-03,  3.89349507e-03,
        -1.87824797e-02, -1.48602324e-02,  5.52742742e-02,
         5.34849754e-03, -1.68490410e-02,  2.66156588e-02],
       [ 7.63128465e-03,  1.41675649e-02, -9.90902036e-02,
        -3.95915918e-02,  5.69483303e-02,  3.38087194e-02,
         4.23441604e-02, -2.41265390e-02,  4.26443964e-02],
       [-1.34949191e-02, -4.65187570e-03, -5.29339015e-02,
         2.01525148e-02,  5.79909747e-03, -1.12734837e-02,
        -7.31171388e-03,  5.49257994e-02, -9.90933105e-02],
       [-6.57728240e-02, -3.91176455e-02, -8.47893208e-02,
         5.86518012e-02,  3.34017836e-02, -3.46932635e-02,
        -5.89200556e-02,  7.05783442e-02, -5.94470231e-03],
       [ 3.41170505e-02, -2.48085167e-02,  7.99933746e-02,
         6.98141083e-02, -1.35325240e-02, -2.19389107e-02,
        -7.41522899e-03,  7.27539733e-02, -1.25273168e-02],
       [-7.47510567e-02, -5.98040931e-02, -1.45874766e-03,
         6.09738147e-03,  9.90908500e-03, -3.26788239e-02,
         2.86607277e-02, -4.21263240e-02,  2.24815309e-02],
       [ 7.63341188e-02, -8.05366561e-02, -1.37224188e-02,
         1.97815858e-02, -6.83869876e-04, -3.97996604e-02,
        -3.30688469e-02, -6.98099360e-02,  5.68624996e-02],
       [-1.43638055e-03,  4.43918109e-02,  6.81022108e-02,
        -3.73772532e-02,  3.74711752e-02, -1.17062610e-02,
        -2.43439879e-02,  4.02349755e-02,  1.15159135e-02],
       [-2.63778325e-02,  6.08104728e-02, -9.65799298e-03,
        -3.59296165e-02,  5.64492159e-02,  4.74947058e-02,
         1.63943302e-02,  3.23811509e-02,  2.93483865e-02],
       [ 3.61184739e-02, -2.68620458e-02,  5.01797460e-02,
        -2.12235264e-02,  5.20051830e-02,  1.00606918e-01,
         2.30208095e-02, -6.98771551e-02,  8.32560211e-02],
       [-3.89078073e-02, -6.42434061e-02,  1.19562760e-01,
         3.85476500e-02, -3.82223092e-02, -2.82950532e-02,
         5.75221181e-02, -5.47982752e-02,  5.18264472e-02],
       [ 1.99247580e-02, -1.85686275e-02,  3.84489223e-02,
         5.50338514e-02, -5.42750247e-02, -4.01981585e-02,
         5.36444858e-02,  1.35370390e-02, -4.00009081e-02],
       [ 5.83783304e-03,  4.51246649e-03,  1.30443471e-02,
         5.85142337e-02, -4.68289368e-02,  5.63553683e-02,
         3.15192565e-02,  6.59120008e-02,  5.99722862e-02],
       [-1.74071118e-02,  2.75106262e-02, -2.26787869e-02,
         8.42909366e-02,  8.84657446e-03, -2.71429904e-02,
        -7.28534674e-03,  1.85512472e-02,  8.33292957e-03],
       [-6.95375800e-02,  2.77613103e-02,  1.87565256e-02,
         2.69085355e-02, -4.70356904e-02, -9.87358112e-03,
        -3.00843250e-02, -4.66101011e-03, -3.52454819e-02],
       [ 3.77370132e-04,  9.25288647e-02,  2.74797832e-03,
        -2.02779076e-03, -6.64638653e-02, -4.12067436e-02,
         3.44266482e-02, -2.57202480e-02,  3.88196670e-03],
       [ 3.19847651e-02, -7.69451493e-03,  3.19296867e-02,
         2.17534695e-02, -7.58462325e-02,  6.34351373e-02,
         2.17827410e-02, -1.04554191e-01,  2.27274615e-02],
       [ 1.06471432e-02, -5.66993840e-02, -1.83577985e-02,
         4.07634899e-02, -2.11826395e-02, -2.31828354e-02,
        -1.16773546e-02, -1.27053425e-01,  5.23256250e-02],
       [-2.49033645e-02,  5.57827018e-02, -5.32103181e-02,
        -8.07066914e-03, -2.53035873e-03, -6.50735060e-03,
         2.75985431e-02, -2.07754131e-02,  3.00426688e-02],
       [ 6.00116067e-02,  8.63767136e-03,  3.36942114e-02,
         3.51070873e-02, -8.76446534e-03, -7.29034767e-02,
         1.48630212e-03,  7.78965876e-02,  4.94961999e-02],
       [ 1.37707889e-02, -7.55776688e-02,  1.21852197e-01,
        -2.39074100e-02, -6.99247047e-02, -1.08539902e-01,
         6.69570565e-02, -1.46038234e-01, -4.04929183e-02],
       [-4.19389047e-02,  9.17596277e-03,  2.10279189e-02,
        -2.04727743e-02,  1.51701337e-02,  1.12772584e-01,
         1.15600727e-01, -3.26424465e-02, -4.15186509e-02],
       [ 5.92872910e-02,  6.85125066e-04, -6.54002046e-03,
         5.12851141e-02,  3.13907303e-02,  2.98912525e-02,
        -2.17757244e-02,  5.46575859e-02, -1.86439846e-02],
       [ 5.87371401e-02, -2.85011232e-02, -4.14277017e-02,
         6.47184998e-03,  8.07757452e-02, -6.74502999e-02,
         5.87157905e-02, -8.56332760e-03,  2.98256557e-02],
       [-3.93739417e-02, -2.02795547e-02, -7.95979798e-02,
         6.86192811e-02, -5.69000058e-02, -5.83689883e-02,
        -4.28207666e-02,  2.92331707e-02, -3.03609367e-03],
       [-6.91474183e-03, -4.97747138e-02,  3.07511277e-02,
         5.52381836e-02, -1.92599930e-02, -3.87126654e-02,
         5.51678613e-02,  7.80241331e-03, -6.75915256e-02],
       [-2.26681139e-02,  5.58561347e-02,  6.95533538e-03,
         3.58343087e-02, -6.81156144e-02,  1.04255741e-02,
         3.04851737e-02, -4.85652685e-02, -7.66577497e-02],
       [-6.89384341e-02, -3.94746102e-02,  4.54714857e-02,
         4.30914126e-02, -1.80722252e-02,  1.38641745e-02,
        -1.09586893e-02, -2.96526551e-02, -1.33944452e-02],
       [ 5.68804815e-02, -2.82974131e-02,  1.68970954e-02,
         6.92125559e-02,  4.84804511e-02, -1.09186493e-01,
         1.08503317e-02, -4.20780992e-03, -1.42743187e-02],
       [-2.94233169e-02, -1.82680581e-02,  2.75898110e-02,
        -1.31290844e-02,  6.53508306e-03, -3.99290696e-02,
        -3.18820253e-02,  8.82911906e-02, -2.29501780e-02],
       [ 7.55608156e-02, -4.63014692e-02,  6.07667863e-02,
        -1.00503676e-02, -3.46893370e-02, -7.73938671e-02,
         2.01815758e-02, -2.96630021e-02,  4.37475890e-02],
       [-7.19577596e-02, -1.87632982e-02,  3.58726904e-02,
         4.22269804e-03, -6.47730902e-02, -4.79624756e-02,
        -2.33519077e-02, -4.29273210e-02, -8.13813414e-03],
       [-8.56139872e-04,  3.84380594e-02,  3.44853364e-02,
         7.20184669e-02,  5.47089763e-02, -5.47137985e-04,
        -5.47491619e-03, -4.29781303e-02,  5.77804931e-02],
       [-4.86710630e-02, -4.82430030e-03,  8.47290382e-02,
         6.39298931e-02, -2.96967709e-03, -4.96742490e-04,
         5.29079102e-02, -9.36732516e-02, -3.30688097e-02],
       [ 7.79488534e-02, -2.36534867e-02, -2.79104710e-02,
         3.38708796e-02, -1.78323523e-03, -9.26167592e-02,
        -9.55235884e-02,  9.89766717e-02,  7.78278634e-02],
       [-8.84655789e-02, -2.81312522e-02,  1.61112435e-02,
         5.27159646e-02, -5.61850145e-02, -6.46158308e-03,
        -3.86257023e-02, -6.33000657e-02,  2.23271339e-03],
       [-1.82291251e-02, -2.14573573e-02,  3.48005560e-03,
         5.23438230e-02,  3.67816910e-02, -2.82007735e-02,
         1.06446020e-01, -1.27472028e-01,  5.43052815e-02],
       [-6.12972043e-02,  9.91414394e-03, -9.76750348e-03,
        -2.45778970e-02,  5.88223301e-02, -6.25156844e-03,
        -4.68984805e-02, -5.74089773e-03,  5.86714633e-02],
       [ 1.04438841e-01,  1.34210559e-02, -2.16693785e-02,
         2.16124002e-02,  1.19282559e-01, -2.26387661e-02,
         4.09242325e-02,  3.84786129e-02, -3.05615435e-03],
       [-5.06142192e-02, -7.00508207e-02,  2.73171533e-03,
         2.40758341e-02, -2.47476753e-02,  6.85123876e-02,
        -1.17438827e-02,  3.39208245e-02,  3.37569276e-03],
       [-3.16289216e-02,  7.07807988e-02,  7.45950565e-02,
         1.16409762e-02,  9.10654217e-02,  2.24516075e-02,
         3.53573337e-02,  3.03336121e-02, -5.69107533e-02],
       [ 9.61989071e-03,  7.85642490e-03,  1.62332598e-02,
        -8.45092088e-02,  4.88194600e-02, -3.86457555e-02,
         1.15812235e-02,  1.28401354e-01, -8.75655487e-02],
       [ 1.02496564e-01,  1.00262120e-01, -4.41160090e-02,
         4.54874374e-02, -5.80687299e-02, -2.19951123e-02,
         1.04276113e-01, -6.42573759e-02,  5.02016507e-02],
       [-5.89917786e-02,  2.60945000e-02,  8.32448229e-02,
        -9.99868140e-02, -4.05725464e-02, -4.13841717e-02,
        -2.72375774e-02, -9.32186842e-03,  2.90059391e-02],
       [-9.59622860e-02, -2.12341361e-02,  1.02807835e-01,
         3.63891497e-02,  6.76839426e-02, -2.38225888e-02,
         7.87506327e-02,  6.67425618e-02,  7.76994741e-03]], dtype=float32), array([0., 0., 0., 0., 0., 0., 0., 0., 0.], dtype=float32)]
